   9999999999.00000        2.06674186110929     
   9772372208.55811        1.97372316205720     
   9549925859.21437        1.88489099393088     
   9332543006.96992        1.80005693180370     
   9120108392.55910        1.71904103126761     
   8912509380.33746        1.64167144674694     
   8709635898.56082        1.56778406699090     
   8511380381.02377        1.49722216697164     
   8317637710.02672        1.42983607544940     
   8128305160.64100        1.36548285749983     
   7943282346.24283        1.30402601132979     
   7762471165.28693        1.24533517873879     
   7585775749.29185        1.18928586861176     
   7413102412.00919        1.13575919285669     
   7244359599.74991        1.08464161422711     
   7079457842.84139        1.03582470549432     
   6918309708.18938       0.989204919458706     
   6760829752.91983       0.944683369312288     
   6606934479.07595       0.902165618886513     
   6456542289.34655       0.861561482340516     
   6309573443.80192       0.822784832864829     
   6165950017.61481       0.785753419994897     
   6025595859.74357       0.750388695146815     
   5888436552.55588       0.716615645005257     
   5754399372.37156       0.684362632410176     
   5623413250.90349       0.653561244404788     
   5495408737.57624       0.624146147122526     
   5370317962.70252       0.596054947205149     
   5248074601.49772       0.569228059458069     
   5128613838.91365       0.543608580462168     
   5011872335.27272       0.519142167874022     
   4897788192.68446       0.495776925158506     
   4786300922.22638       0.473463291509288     
   4677351411.87198       0.452153936723719     
   4570881895.14875       0.431803660809132     
   4466835920.50963       0.412369298107596     
   4365158321.40166       0.393809625735775     
   4265795187.01593       0.376085276145668     
   4168693833.70336       0.359158653620763     
   4073802777.04113       0.342993854530486     
   3981071704.53498       0.327556591173789     
   3890451448.94281       0.312814119050342     
   3801893962.20562       0.298735167405059     
   3715352289.97173       0.285289872898639     
   3630780546.70102       0.272449716263420     
   3548133891.33576       0.260187461810192     
   3467368503.52532       0.248477099657650     
   3388441560.39203       0.237293790561953     
   3311311213.82592       0.226613813229357     
   3235936568.29629       0.216414514000175     
   3162277659.16838       0.206674258797329     
   3090295431.51360       0.197372387237575     
   3019951719.40202       0.188489168808060     
   2951209225.66639       0.180005761015264     
   2884031502.12661       0.171904169417543     
   2818382930.26446       0.164167209456513     
   2754228702.33817       0.156778470006295     
   2691534802.92691       0.149722278563319     
   2630267990.89538       0.142983668002849     
   2570395781.76886       0.136548344831701     
   2511886430.50958       0.130402658869833     
   2454708914.68503       0.124533574296481     
   2398832918.01949       0.118928641999442     
   2344228814.31992       0.113575973168835     
   2290867651.76777       0.108464214079346     
   2238721137.56834       0.103582522007454     
   2187761622.94955       9.892054223256480E-002
   2137962088.50223       9.446838607325758E-002
   2089296129.85404       9.021660991207099E-002
   2041737943.66953       8.615619516432427E-002
   1995262313.96888       8.227852914849153E-002
   1949844598.75805       7.857538681755097E-002
   1905460716.96325       7.503891331255866E-002
   1862087135.66287       7.166160730144089E-002
   1819700857.60998       6.843630506766440E-002
   1778279409.03892       6.535616531503437E-002
   1737800827.74938       6.241465465638912E-002
   1698243651.46175       5.960553375541129E-002
   1659586906.43756       5.692284409215998E-002
   1621810096.35893       5.436089532425235E-002
   1584893191.46111       5.191425321688551E-002
   1548816617.91248       4.957772811609701E-002
   1513561247.43621       4.734636394081407E-002
   1479108387.16821       4.521542767034219E-002
   1445439769.74593       4.318039930499462E-002
   1412537543.62276       4.123696227856803E-002
   1380384263.60289       3.938099430232784E-002
   1348962881.59166       3.760855862108205E-002
   1318256737.55641       3.591589566279654E-002
   1288249550.69314       3.429941506403969E-002
   1258925410.79417       3.275568805434075E-002
   1230268769.81238       3.128144018330978E-002
   1202264433.61741       2.987354437508878E-002
   1174897553.93953       2.852901429540632E-002
   1148153620.49688       2.724499801716267E-002
   1122018453.30196       2.601877197111088E-002
   1096478195.14318       2.484773516880198E-002
   1071519304.23761       2.372940368554054E-002
   1047128547.05090       2.266140539164803E-002
   1023292991.28075       2.164147492085850E-002
   999999998.999999       2.066744886517367E-002
   977237219.955810       1.973726118598520E-002
   954992585.021435       1.884893883173044E-002
   933254299.796991       1.800059755278619E-002
   912010838.355909       1.719043790472329E-002
   891250937.133745       1.641674143144429E-002
   870963588.956080       1.567786702010832E-002
   851138037.202376       1.497224742011127E-002
   831763770.102671       1.429838591873776E-002
   812830515.164099       1.365485316643332E-002
   794328233.724282       1.304028414496292E-002
   776247115.628692       1.245337527202482E-002
   758577574.029184       1.189288163617824E-002
   741310240.300918       1.135761435621984E-002
   724435959.074991       1.084643805940773E-002
   707945783.384138       1.035826847318422E-002
   691830969.918937       9.892070125288793E-003
   676082974.391982       9.446854147383062E-003
   660693447.007597       9.021676177528953E-003
   645654228.034656       8.615634357070830E-003
   630957343.480194       8.227867417672823E-003
   616595000.861483       7.857552854453635E-003
   602559585.074359       7.503905181343839E-003
   588843654.355590       7.166174264965010E-003
   575439936.337158       6.843643733496663E-003
   562341324.190350       6.535629457155961E-003
   549540872.857625       6.241478097067104E-003
   537031795.370254       5.960565719442350E-003
   524807459.249774       5.692296472135164E-003
   512861382.991366       5.436101320758276E-003
   501187232.627273       5.191436841685811E-003
   489778818.368446       4.957784069379213E-003
   478630091.322638       4.734647395592241E-003
   467735140.287198       4.521553518119533E-003
   457088188.614875       4.318050436859636E-003
   446683591.150963       4.123706495062463E-003
   436515831.240166       3.938109463727750E-003
   426579517.801592       3.760865667212383E-003
   416869382.470335       3.591599148191852E-003
   407380276.804112       3.429950870204657E-003
   398107169.553497       3.275577956088100E-003
   389045143.994280       3.128152960690128E-003
   380189395.320561       2.987363176314522E-003
   371535228.097172       2.852909969426214E-003
   363078053.770101       2.724508147209760E-003
   354813388.233575       2.601885352637396E-003
   346736849.452532       2.484781486763503E-003
   338844155.139203       2.372948157020105E-003
   331131120.482591       2.266148150343163E-003
   323593655.929628       2.164154930012079E-003
   316227765.016838       2.066752155135165E-003
   309029542.251359       1.973733221761816E-003
   301995171.040202       1.884900824648043E-003
   295120921.666639       1.800066538745797E-003
   288403149.312661       1.719050419528382E-003
   281838292.126446       1.641680621304184E-003
   275422869.333817       1.567793032709107E-003
   269153479.392692       1.497230928604557E-003
   263026798.189539       1.429844637642586E-003
   257039577.276887       1.365491224793082E-003
   251188642.150958       1.304034188159574E-003
   245470890.568503       1.245343169440582E-003
   239883290.901949       1.189293677422345E-003
   234422880.531992       1.135766823916423E-003
   229086764.276777       1.084649071582097E-003
   223872112.856834       1.035831993098556E-003
   218776161.394955       9.892120411761967E-004
   213796207.950223       9.446903289190760E-004
   208929612.085404       9.021724200726940E-004
   204173793.466953       8.615681287121774E-004
   199526230.496888       8.227913279459786E-004
   194984458.975804       7.857597672293276E-004
   190546070.796325       7.503948978999299E-004
   186208712.666287       7.166217065658516E-004
   181970084.860998       6.843685559921841E-004
   177827940.003892       6.535670331489863E-004
   173780081.874937       6.241518040981976E-004
   169824364.246174       5.960604754117114E-004
   165958689.743756       5.692334618266651E-004
   162181008.735893       5.436138598572201E-004
   158489318.246111       5.191473270947494E-004
   154881660.891248       4.957819669404098E-004
   151356123.843621       4.734682185256025E-004
   147910837.816821       4.521587515868286E-004
   144543976.074593       4.318083660719546E-004
   141253753.462275       4.123738962649389E-004
   138038425.460289       3.938141192256569E-004
   134896287.259165       3.760896673506110E-004
   131825672.855641       3.591629448690566E-004
   128824954.169313       3.429980480974212E-004
   125892540.179417       3.275606892828650E-004
   123026876.081238       3.128181238744445E-004
   120226442.461741       2.987390810676138E-004
   117489754.493953       2.852936974747361E-004
   114815361.149688       2.724534537809148E-004
   112201844.430196       2.601911142507801E-004
   109647818.614319       2.484806689579185E-004
   107151929.523761       2.372972786144063E-004
   104712853.805090       2.266172218834213E-004
   102329298.228076       2.164178450631784E-004
   99999999.0000002       2.066775140354601E-004
   97723721.0955812       1.973755683768180E-004
   95499257.6021438       1.884922775351119E-004
   93325429.0796993       1.800087989784268E-004
   91201082.9355912       1.719071382276004E-004
   89125092.8133748       1.641701106875813E-004
   87096357.9956080       1.567813051966584E-004
   85113802.8202375       1.497250492162499E-004
   83176376.1102670       1.429863755873981E-004
   81283050.6164098       1.365509907834800E-004
   79432822.4724281       1.304052445917742E-004
   77624710.6628691       1.245361011595834E-004
   75857756.5029183       1.189311113434960E-004
   74131023.1300917       1.135783863031342E-004
   72443595.0074990       1.084665722833808E-004
   70794577.4384138       1.035848265315904E-004
   69183096.0918936       9.892279429870554E-005
   67608296.5391982       9.447058687549274E-005
   66069343.8007596       9.021876061730952E-005
   64565421.9034655       8.615829691291301E-005
   63095733.4480193       8.228058305481991E-005
   61659499.1861482       7.857739397064177E-005
   60255957.6074358       7.504087477664552E-005
   58884364.5355589       7.166352411653252E-005
   57543992.7337157       6.843817825009600E-005
   56234131.5190349       6.535799585800652E-005
   54954086.3857625       6.241644353049444E-005
   53703178.6370253       5.960728190914897E-005
   52480745.0249773       5.692455245243878E-005
   51286137.3991365       5.436256479688196E-005
   50118722.3627273       5.191588468705690E-005
   48977880.9368447       4.957932244885175E-005
   47863008.2322639       4.734792198150297E-005
   46773513.1287199       4.521695024507352E-005
   45708817.9614874       4.318188722107182E-005
   44668358.2150962       4.123841632491871E-005
   43651582.2240165       3.938241524992112E-005
   42657950.8801592       3.760994722333761E-005
   41686937.3470335       3.591725265598416E-005
   40738026.7804112       3.430074116766960E-005
   39810716.0553497       3.275698397154537E-005
   38904513.4994280       3.128270660121579E-005
   38018938.6320561       2.987478196518221E-005
   37153521.9097172       2.853022371388829E-005
   36307804.4770101       2.724617990529735E-005
   35481337.9233575       2.601992695556548E-005
   34673684.0452531       2.484886386197903E-005
   33884414.6139202       2.373050668590258E-005
   33113111.1482591       2.266248328403494E-005
   32359364.6929628       2.164252827679757E-005
   31622775.6016838       2.066847824318264E-005
   30902953.3251359       1.973826713186840E-005
   30199516.2040202       1.884992187886816E-005
   29512091.2666638       1.800155822241753E-005
   28840314.0312661       1.719137670622247E-005
   28183828.3126445       1.641765886259079E-005
   27542286.0333817       1.567876356735074E-005
   26915347.0392692       1.497312355882533E-005
   26302678.9189538       1.429924211347826E-005
   25703956.8276886       1.365568987118053E-005
   25118863.3150958       1.304110180336326E-005
   24547088.1568503       1.245417431762607E-005
   23988328.1901949       1.189366249265944E-005
   23442287.1531992       1.135837743761590E-005
   22908675.5276777       1.084718377032901E-005
   22387210.3856834       1.035899720903099E-005
   21877615.2394955       9.892782272460921E-006
   21379619.8950223       9.447550083484891E-006
   20892960.3085404       9.022356271569495E-006
   20417378.4466953       8.616298969659429E-006
   19952622.1496888       8.228516901210350E-006
   19498444.9975805       7.858187553319340E-006
   19054606.1796325       7.504525432077941E-006
   18620870.3666287       7.166780396447140E-006
   18197007.5860999       6.844236067120236E-006
   17782793.1003893       6.536208306998584E-006
   17378007.2874938       6.242043770057107E-006
   16982435.5246175       5.961118515521521E-006
   16595868.0743756       5.692836684417781E-006
   16218099.9735893       5.436629235686484E-006
   15848930.9246111       5.191952739181613E-006
   15488165.1891248       4.958288222992807E-006
   15135611.4843621       4.735140072646989E-006
   14791082.8816821       4.522034979853811E-006
   14454396.7074593       4.318520938565309E-006
   14125374.4462275       4.124166286220243E-006
   13803841.6460288       3.938558788139477E-006
   13489627.8259165       3.761304763130286E-006
   13182566.3855641       3.592028248444882E-006
   12882494.5169313       3.430370202321927E-006
   12589253.1179417       3.275987742419530E-006
   12302686.7081238       3.128553418524334E-006
   12022643.3461741       2.987754517994031E-006
   11748974.5493953       2.853292402460044E-006
   11481535.2149688       2.724881874383448E-006
   11220183.5430196       2.602250572120517E-006
   10964780.9614319       2.485138392214742E-006
   10715192.0523761       2.373296937689938E-006
   10471284.4805090       2.266488991174196E-006
   10232928.9228075       2.164488011737114E-006
   9999999.00000001       2.067077654373022E-006
   9772371.20955811       1.974051311110979E-006
   9549924.86021437       1.885211672778177E-006
   9332542.00796992       1.800370310487174E-006
   9120107.39355911       1.719347275959282E-006
   8912508.38133747       1.641970719836296E-006
   8709634.89956082       1.568076527170995E-006
   8511379.38202376       1.497507969323210E-006
   8317636.71102671       1.430115371523147E-006
   8128304.16164099       1.365755795396719E-006
   7943281.34724281       1.304292735779603E-006
   7762470.16628692       1.245595831176854E-006
   7585774.75029184       1.189540587253938E-006
   7413101.41300918       1.136008112772685E-006
   7244358.60074990       1.084884867412046E-006
   7079456.84384138       1.036062420938744E-006
   6918308.70918936       9.894372232169904E-007
   6760828.75391981       9.449103845694588E-007
   6606933.48007595       9.023874660235647E-007
   6456541.29034655       8.617782789982260E-007
   6309572.44480193       8.229966940061493E-007
   6165949.01861482       7.859604579659042E-007
   6025594.86074357       7.505910197362778E-007
   5888435.55355589       7.168133635028451E-007
   5754398.37337157       6.845558496633484E-007
   5623412.25190349       6.537500628743855E-007
   5495407.73857624       6.243306669370953E-007
   5370316.96370253       5.962352662140328E-007
   5248073.60249772       5.694042732832877E-007
   5128612.83991365       5.437807825491196E-007
   5011871.33627272       5.193104495410272E-007
   4897787.19368446       4.959413756452264E-007
   4786299.92322638       4.736239980240438E-007
   4677350.41287198       4.523109844897272E-007
   4570880.89614875       4.319571331096910E-007
   4466834.92150963       4.125192763302463E-007
   4365157.32240166       3.939561894154508E-007
   4265794.18801593       3.762285030068668E-007
   4168692.83470336       3.592986196187577E-007
   4073801.77804113       3.431306338915963E-007
   3981070.70553498       3.276902564347375E-007
   3890450.44994281       3.129447410967138E-007
   3801892.96320562       2.988628155088876E-007
   3715351.29097172       2.854146147551325E-007
   3630779.54770101       2.725716180268580E-007
   3548132.89233575       2.603065881289978E-007
   3467367.50452532       2.485935137086701E-007
   3388440.56139203       2.374075540839526E-007
   3311310.21482591       2.267249865557564E-007
   3235935.56929628       2.165231560910386E-007
   3162276.66016838       2.067804272706268E-007
   3090294.43251359       1.974761383997312E-007
   3019950.72040202       1.885905576838093E-007
   2951208.22666639       1.801048413768247E-007
   2884030.50312661       1.720009938131302E-007
   2818381.93126446       1.642618292381972E-007
   2754227.70333817       1.568709353572317E-007
   2691533.80392691       1.498126385243568E-007
   2630266.99189538       1.430719704985302E-007
   2570394.78276886       1.366346366956727E-007
   2511885.43150958       1.304869858696777E-007
   2454707.91568503       1.246159811579859E-007
   2398831.91901949       1.190091724303102E-007
   2344227.81531992       1.136546698818623E-007
   2290866.65276777       1.085411188150663E-007
   2238720.13856834       1.036576755562716E-007
   2187760.62394955       9.899398445638015E-008
   2137961.08950223       9.454015592660511E-008
   2089295.13085404       9.028674546277188E-008
   2041736.94466953       8.622473361367078E-008
   1995261.31496888       8.234550685097169E-008
   1949843.59975805       7.864083930012411E-008
   1905459.71796325       7.510287529349238E-008
   1862086.13666287       7.172411270871904E-008
   1819699.85860998       6.849738705697625E-008
   1778278.41003892       6.541585628735381E-008
   1737799.82874937       6.247298627515501E-008
   1698242.65246174       5.966253696331492E-008
   1659585.90743756       5.697854912755164E-008
   1621809.09735893       5.441533173717409E-008
   1584892.19246111       5.196744988473892E-008
   1548815.61891248       4.962971325895446E-008
   1513560.24843621       4.739716513638134E-008
   1479107.38816821       4.526507186858050E-008
   1445438.77074593       4.322891284240991E-008
   1412536.54462275       4.128437089217491E-008
   1380383.26460288       3.942732314329569E-008
   1348961.88259165       3.765383226807048E-008
   1318255.73855641       3.596013813498736E-008
   1288248.55169313       3.434264983387217E-008
   1258924.41179417       3.279793805995725E-008
   1230267.77081238       3.132272784071719E-008
   1202263.43461741       2.991389159004445E-008
   1174896.55493953       2.856844247503255E-008
   1148152.62149688       2.728352808129697E-008
   1122017.45430196       2.605642436339824E-008
   1096477.19614318       2.488452986753405E-008
   1071518.30523761       2.376536021424847E-008
   1047127.54805090       2.269654282945416E-008
   1023291.99228075       2.167581191259230E-008
   999999.000000000       2.070100363125750E-008
   977236.220955810       1.977005153209502E-008
   954991.586021436       1.888098215823662E-008
   933253.300796991       1.803191086397942E-008
   912009.839355910       1.722103781783046E-008
   891249.938133745       1.644664418543918E-008
   870962.589956081       1.570708848432170E-008
   851137.038202377       1.500080310264506E-008
   831762.771102671       1.432629097468760E-008
   812829.516164099       1.368212240592401E-008
   794327.234724282       1.306693204100096E-008
   776246.116628692       1.247941596817217E-008
   758576.575029183       1.191832895405139E-008
   741309.241300917       1.138248180281833E-008
   724434.960074989       1.087073883427564E-008
   707944.784384137       1.038201547540875E-008
   691829.970918936       9.915275960339542E-009
   676081.975391981       9.469531133795626E-009
   660692.448007596       9.043836353436363E-009
   645653.229034655       8.637289486586329E-009
   630956.344480193       8.249028997127360E-009
   616594.001861482       7.878232118491370E-009
   602558.586074358       7.524113108878889E-009
   588842.655355589       7.185921585002629E-009
   575438.937337157       6.862940930821891E-009
   562340.325190349       6.554486777892802E-009
   549539.873857625       6.259905554111146E-009
   537030.796370253       5.978573097769747E-009
   524806.460249773       5.709893333990748E-009
   512860.383991365       5.453297010725590E-009
   501186.233627272       5.208240491641710E-009
   489777.819368446       4.974204603335796E-009
   478629.092322638       4.750693534428315E-009
   467734.141287198       4.537233784204666E-009
   457087.189614875       4.333373158572790E-009
   446682.592150963       4.138679811207813E-009
   436514.832240166       3.952741327849983E-009
   426578.518801592       3.775163851813766E-009
   416868.383470335       3.605571248853325E-009
   407379.277804113       3.443604309613097E-009
   398106.170553497       3.288919987971933E-009
   389044.144994281       3.141190673665348E-009
   380188.396320561       3.000103497643170E-009
   371534.229097173       2.865359668689298E-009
   363077.054770101       2.736673839896576E-009
   354812.389233576       2.613773503653146E-009
   346735.850452532       2.496398413857073E-009
   338843.156139203       2.384300034133814E-009
   331130.121482591       2.277241010886265E-009
   323592.656929628       2.174994670059753E-009
   316226.766016838       2.077344536554705E-009
   309028.543251359       1.984083875267628E-009
   301994.172040201       1.895015252787127E-009
   295119.922666638       1.809950118815267E-009
   288402.150312660       1.728708406426580E-009
   281837.293126445       1.651118150316889E-009
   275421.870333817       1.577015122232332E-009
   269152.480392691       1.506242482805361E-009
   263025.799189538       1.438650449059329E-009
   257038.578276886       1.374095976876484E-009
   251187.643150958       1.312442457755943E-009
   245469.891568503       1.253559429218509E-009
   239882.291901949       1.197322298244173E-009
   234421.881531992       1.143612077155733E-009
   229085.765276777       1.092315131388424E-009
   223871.113856834       1.043322938610593E-009
   218775.162394955       9.965318586845962E-010
   213795.208950223       9.518429139800246E-010
   208928.613085404       9.091615795733925E-010
   204172.794466953       8.683975828892852E-010
   199525.231496888       8.294647123581305E-010
   194983.459975804       7.922806346847475E-010
   190545.071796325       7.567667203401696E-010
   186207.713666287       7.228478769066531E-010
   181969.085860998       6.904523899224403E-010
   177826.941003892       6.595117708887553E-010
   173779.082874938       6.299606121167011E-010
   169823.365246174       6.017364481062303E-010
   165957.690743756       5.747796231632201E-010
   162180.009735893       5.490331649739091E-010
   158488.319246111       5.244426638685904E-010
   154880.661891248       5.009561575185208E-010
   151355.124843621       4.785240208215303E-010
   147909.838816821       4.570988607428193E-010
   144542.977074593       4.366354158879417E-010
   141252.754462275       4.170904605950043E-010
   138037.426460288       3.984227133427141E-010
   134895.288259165       3.805927492800171E-010
   131824.673855641       3.635629166918774E-010
   128823.955169313       3.472972572240310E-010
   125891.541179417       3.317614296975586E-010
   123025.877081238       3.169226373517219E-010
   120225.443461741       3.027495583607810E-010
   117488.755493953       2.892122794774539E-010
   114814.362149688       2.762822326623098E-010
   112200.845430196       2.639321345647208E-010
   109646.819614318       2.521359287270443E-010
   107150.930523761       2.408687303894840E-010
   104711.854805090       2.301067737785910E-010
   102328.299228075       2.198273617676375E-010
   99999.0000000000       2.100088178021215E-010
   97722.7220955811       2.006304399884676E-010
   95498.2586021436       1.916724572485759E-010
   93324.4300796990       1.831159874472512E-010
   91200.0839355909       1.749429974037324E-010
   89124.0938133744       1.671362647025261E-010
   87095.3589956080       1.596793412225854E-010
   85112.8038202376       1.525565183074958E-010
   83175.3771102670       1.457527935028257E-010
   81282.0516164099       1.392538387901162E-010
   79431.8234724281       1.330459702501602E-010
   77623.7116628691       1.271161190912511E-010
   75856.7575029183       1.214518039809782E-010
   74130.0241300917       1.160411046229064E-010
   72442.5960074990       1.108726365221220E-010
   70793.5784384138       1.059355268861438E-010
   69182.0970918937       1.012193916101101E-010
   67607.2975391982       9.671431329744683E-011
   66068.3448007596       9.241082026942307E-011
   64564.4229034656       8.829986651909277E-011
   63094.7344480193       8.437281256712698E-011
   61658.5001861482       8.062140717895201E-011
   60254.9586074357       7.703776990443548E-011
   58883.3655355588       7.361437440310839E-011
   57542.9937337156       7.034403251957116E-011
   56233.1325190349       6.721987907533208E-011
   54953.0873857624       6.423535734483626E-011
   53702.1796370252       6.138420518489925E-011
   52479.7460249772       5.866044178814362E-011
   51285.1383991364       5.605835503236019E-011
   50117.7233627272       5.357248939897852E-011
   48976.8819368446       5.119763443503900E-011
   47862.0092322638       4.892881373421046E-011
   46772.5141287198       4.676127441349827E-011
   45707.8189614875       4.469047706333864E-011
   44667.3592150963       4.271208614977880E-011
   43650.5832240166       4.082196084840117E-011
   42656.9518801593       3.901614629056489E-011
   41685.9383470336       3.729086520341261E-011
   40737.0277804113       3.564250992592516E-011
   39809.7170553497       3.406763478410376E-011
   38903.5144994280       3.256294880912195E-011
   38017.9396320561       3.112530878301390E-011
   37152.5229097172       2.975171259716437E-011
   36306.8054770101       2.843929290952457E-011
   35480.3389233575       2.718531108711428E-011
   34672.6850452531       2.598715142097400E-011
   33883.4156139202       2.484231560130931E-011
   33112.1121482591       2.374841744112067E-011
   32358.3656929628       2.270317783713905E-011
   31621.7766016838       2.170441995739067E-011
   30901.9543251359       2.075006464519460E-011
   30198.5172040202       1.983812602985586E-011
   29511.0922666639       1.896670733475476E-011
   28839.3150312661       1.813399687395174E-011
   28182.8293126445       1.733826422882642E-011
   27541.2870333817       1.657785659665149E-011
   26914.3480392692       1.585119530336630E-011
   26301.6799189538       1.515677247316309E-011
   25702.9578276886       1.449314784783155E-011
   25117.8643150958       1.385894574912379E-011
   24546.0891568503       1.325285217770683E-011
   23987.3291901949       1.267361204255703E-011
   23441.2881531992       1.212002651492915E-011
   22907.6765276777       1.159095050129569E-011
   22386.2113856834       1.108529022990476E-011
   21876.6162394955       1.060200094584557E-011
   21378.6208950223       1.014008470974036E-011
   20891.9613085404       9.698588295401364E-012
   20416.3794466953       9.276601182001237E-012
   19951.6231496888       8.873253636505403E-012
   19497.4459975804       8.487714882306360E-012
   19053.6071796325       8.119191350182461E-012
   18619.8713666287       7.766925007878238E-012
   18196.0085860998       7.430191764769930E-012
   17781.7941003892       7.108299948238974E-012
   17377.0082874937       6.800588848528152E-012
   16981.4365246174       6.506427329000374E-012
   16594.8690743756       6.225212498858150E-012
   16217.1009735893       5.956368445515002E-012
   15847.9319246111       5.699345023935597E-012
   15487.1661891248       5.453616700382607E-012
   15134.6124843621       5.218681448123419E-012
   14790.0838816821       4.994059692759890E-012
   14453.3977074593       4.779293304949513E-012
   14124.3754462275       4.573944638386740E-012
   13802.8426460288       4.377595611009092E-012
   13488.6288259165       4.189846827484269E-012
   13181.5673855641       4.010316741121903E-012
   12881.4955169313       3.838640853437128E-012
   12588.2541179417       3.674470949672878E-012
   12301.6877081238       3.517474368664021E-012
   12021.6443461741       3.367333305499128E-012
   11747.9755493953       3.223744145505216E-012
   11480.5362149688       3.086416828147050E-012
   11219.1845430196       2.955074239496037E-012
   10963.7819614318       2.829451631984234E-012
   10714.1930523761       2.709296070216629E-012
   10470.2854805090       2.594365901670334E-012
   10231.9299228075       2.484430251161736E-012
   9998.99999999999       2.379268538013128E-012
   9771.37220955810       2.278670014898395E-012
   9548.92586021435       2.182433327393201E-012
   9331.54300796990       2.090366093298982E-012
   9119.10839355909       2.002284500851902E-012
   8911.50938133745       1.918012924967922E-012
   8708.63589956080       1.837383560713295E-012
   8510.38038202376       1.760236073226287E-012
   8316.63771102671       1.686417263350736E-012
   8127.30516164099       1.615780748275302E-012
   7942.28234724282       1.548186656504066E-012
   7761.47116628692       1.483501336514409E-012
   7584.77575029184       1.421597078487118E-012
   7412.10241300916       1.362351848521305E-012
   7243.35960074989       1.305649034773161E-012
   7078.45784384137       1.251377204982740E-012
   6917.30970918936       1.199429874877184E-012
   6759.82975391981       1.149705286961672E-012
   6605.93448007595       1.102106199231447E-012
   6455.54229034655       1.056539683359225E-012
   6308.57344480193       1.012916931932337E-012
   6164.95001861482       9.711530743331059E-013
   6024.59586074357       9.311670008742175E-013
   5887.43655355589       8.928811948183418E-013
   5753.39937337157       8.562215719278864E-013
   5622.41325190349       8.211173272067224E-013
   5494.40873857625       7.875007885109091E-013
   5369.31796370253       7.553072767199757E-013
   5247.07460249773       7.244749721741774E-013
   5127.61383991365       6.949447870963974E-013
   5010.87233627272       6.666602437300050E-013
   4896.78819368446       6.395673579360667E-013
   4785.30092322638       6.136145280048488E-013
   4676.35141287198       5.887524284475290E-013
   4569.88189614874       5.649339085446273E-013
   4465.83592150963       5.421138954376386E-013
   4364.15832240166       5.202493015599928E-013
   4264.79518801592       4.992989362126141E-013
   4167.69383470335       4.792234210981070E-013
   4072.80277804112       4.599851096359528E-013
   3980.07170553497       4.415480098890845E-013
   3889.45144994280       4.238777109398263E-013
   3800.89396320561       4.069413125604686E-013
   3714.35229097172       3.907073580306978E-013
   3629.78054770101       3.751457699607407E-013
   3547.13389233575       3.602277889854242E-013
   3466.36850452532       3.459259152004058E-013
   3387.44156139203       3.322138522176128E-013
   3310.31121482591       3.190664537224519E-013
   3234.93656929628       3.064596724206238E-013
   3161.27766016837       2.943705112674146E-013
   3089.29543251359       2.827769768771503E-013
   3018.95172040201       2.716580350150795E-013
   2950.20922666638       2.609935680783632E-013
   2883.03150312660       2.507643344770131E-013
   2817.38293126445       2.409519298296375E-013
   2753.22870333816       2.315387498926714E-013
   2690.53480392691       2.225079551454147E-013
   2629.26799189538       2.138434369566912E-013
   2569.39578276886       2.055297852622676E-013
   2510.88643150958       1.975522576853510E-013
   2453.70891568503       1.898967500355207E-013
   2397.83291901949       1.825497681243486E-013
   2343.22881531992       1.754984008387318E-013
   2289.86765276777       1.687302944156069E-013
   2237.72113856834       1.622336278642394E-013
   2186.76162394955       1.559970894846971E-013
   2136.96208950223       1.500098544334165E-013
   2088.29613085404       1.442615632889764E-013
   2040.73794466953       1.387423015732913E-013
   1994.26231496888       1.334425801854431E-013
   1948.84459975804       1.283533167072935E-013
   1904.46071796325       1.234658175418439E-013
   1861.08713666287       1.187717608470603E-013
   1818.70085860998       1.142631802295539E-013
   1777.27941003892       1.099324491641004E-013
   1736.80082874937       1.057722661065064E-013
   1697.24365246174       1.017756402687867E-013
   1658.58690743756       9.793587802700697E-014
   1620.81009735893       9.424656993347352E-014
   1583.89319246111       9.070157830622051E-014
   1547.81661891248       8.729502536995769E-014
   1512.56124843621       8.402128192379730E-014
   1478.10838816821       8.087495651218563E-014
   1444.43977074593       7.785088507652000E-014
   1411.53754462275       7.494412106594087E-014
   1379.38426460288       7.214992598675198E-014
   1347.96288259165       6.946376037084354E-014
   1317.25673855641       6.688127514436715E-014
   1287.24955169313       6.439830337876055E-014
   1257.92541179417       6.201085240701238E-014
   1229.26877081238       5.971509628883031E-014
   1201.26443461741       5.750736860910486E-014
   1173.89755493953       5.538415559476173E-014
   1147.15362149688       5.334208953576301E-014
   1121.01845430196       5.137794249665573E-014
   1095.47819614318       4.948862030567646E-014
   1070.51930523761       4.767115680900200E-014
   1046.12854805090       4.592270837829351E-014
   1022.29299228075       4.424054866021217E-014
   999.000000000000       4.262206355709246E-014
   976.237220955811       4.106474642844397E-014
   953.992586021436       3.956619350341588E-014
   932.254300796991       3.812409949480106E-014
   911.010839355910       3.673625340557908E-014
   890.250938133746       3.540053451940159E-014
   869.963589956081       3.411490856680924E-014
   850.138038202377       3.287742405933757E-014
   830.763771102671       3.168620878402176E-014
   811.830516164100       3.053946645114589E-014
   793.328234724282       2.943547348840411E-014
   775.247116628692       2.837257597494727E-014
   757.577575029184       2.734918670908249E-014
   740.310241300918       2.636378240367208E-014
   723.435960074988       2.541490100354660E-014
   706.945784384136       2.450113911950225E-014
   690.830970918935       2.362114957369436E-014
   675.082975391980       2.277363905147678E-014
   659.693448007595       2.195736585495396E-014
   644.654229034654       2.117113775372893E-014
   629.957344480192       2.041380992853176E-014
   615.595001861481       1.968428300360733E-014
   601.559586074357       1.898150116392666E-014
   587.843655355588       1.830445035346270E-014
   574.439937337156       1.765215655094043E-014
   561.341325190348       1.702368411963247E-014
   548.540873857624       1.641813422792565E-014
   536.031796370252       1.583464333753085E-014
   523.807460249772       1.527238175634911E-014
   511.861383991364       1.473055225314108E-014
   500.187233627272       1.420838873127525E-014
   488.778819368446       1.370515495895243E-014
   477.630092322638       1.322014335342106E-014
   466.735141287198       1.275267381680935E-014
   456.088189614875       1.230209262130695E-014
   445.683592150963       1.186777134153037E-014
   435.515832240166       1.144910583200367E-014
   425.579518801593       1.104551524777866E-014
   415.869383470335       1.065644110630729E-014
   406.380277804113       1.028134638876377E-014
   397.107170553497       9.919714679094225E-015
   388.045144994281       9.571049339149224E-015
   379.189396320561       9.234872718327918E-015
   370.535229097173       8.910725396232712E-015
   362.078054770102       8.598165456900679E-015
   353.813389233576       8.296767793241838E-015
   345.736850452532       8.006123440375619E-015
   337.844156139203       7.725838936615214E-015
   330.131121482591       7.455535710905293E-015
   322.593656929629       7.194849495571696E-015
   315.227766016837       6.943429763292627E-015
   308.029543251358       6.700939187249482E-015
   300.995172040201       6.467053123461098E-015
   294.120922666638       6.241459114350711E-015
   287.403150312660       6.023856412635754E-015
   280.838293126445       5.813955524671810E-015
   274.422870333816       5.611477772420185E-015
   268.153480392691       5.416154873245396E-015
   262.026799189538       5.227728536783887E-015
   256.039578276886       5.045950078158866E-015
   250.188643150958       4.870580046848040E-015
   244.470891568503       4.701387870541648E-015
   238.883291901949       4.538151513357259E-015
   233.422881531992       4.380657147805738E-015
   228.086765276777       4.228698839929267E-015
   222.872113856834       4.082078247057777E-015
   217.776162394955       3.940604327654314E-015
   212.796208950223       3.804093062743074E-015
   207.929613085404       3.672367188435881E-015
   203.173794466953       3.545255939094056E-015
   198.526231496888       3.422594800682726E-015
   193.984459975804       3.304225273893928E-015
   189.546071796325       3.189994646633208E-015
   185.208713666287       3.079755775482008E-015
   180.970085860998       2.973366875764910E-015
   176.827941003892       2.870691319866811E-015
   172.780082874938       2.771597443460427E-015
   168.824365246174       2.675958359319160E-015
   164.958690743756       2.583651778404293E-015
   161.181009735893       2.494559837928872E-015
   157.489319246111       2.408568936113356E-015
   153.881661891248       2.325569573360316E-015
   150.356124843621       2.245456199587085E-015
   146.910838816821       2.168127067466431E-015
   143.543977074593       2.093484091335908E-015
   140.253754462276       2.021432711546724E-015
   137.038426460289       1.951881764032695E-015
   133.896288259165       1.884743354889082E-015
   130.825673855640       1.819932739760104E-015
   127.824955169313       1.757368207842141E-015
   124.892541179416       1.696970970318140E-015
   122.026877081238       1.638665053046121E-015
   119.226443461741       1.582377193332302E-015
   116.489755493953       1.528036740626390E-015
   113.815362149688       1.475575560983355E-015
   111.201845430196       1.424927945142525E-015
   108.647819614318       1.376030520080970E-015
   106.151930523760       1.328822163904167E-015
   103.712854805090       1.283243923942511E-015
   101.329299228075       1.239238937927743E-015
   98.9999999999999       1.196752358128522E-015
   96.7237220955809       1.155731278329316E-015
   94.4992586021435       1.116124663541599E-015
   92.3254300796990       1.077883282340817E-015
   90.2010839355909       1.040959641727006E-015
   88.1250938133745       1.005307924411052E-015
   86.0963589956080       9.708839284326235E-016
   84.1138038202376       9.376450090195813E-016
   82.1763771102671       9.055500226023526E-016
   80.2830516164099       8.745592729002440E-016
   78.4328234724281       8.446344590000176E-016
   76.6247116628691       8.157386253502704E-016
   74.8577575029184       7.878361135982218E-016
   73.1310241300917       7.608925161984611E-016
   71.4435960074990       7.348746317260254E-016
   69.7945784384138       7.097504218288781E-016
   68.1830970918937       6.854889697574455E-016
   66.6082975391982       6.620604404113484E-016
   65.0693448007596       6.394360418458414E-016
   63.5654229034656       6.175879881827444E-016
   62.0957344480194       5.964894638728411E-016
   60.6595001861483       5.761145892588013E-016
   59.2559586074358       5.564383873896929E-016
   57.8843655355587       5.374367520400697E-016
   56.5439937337155       5.190864168884767E-016
   55.2341325190348       5.013649258119295E-016
   53.9540873857623       4.842506042547135E-016
   52.7031796370252       4.677225316313725E-016
   51.4807460249771       4.517605147253771E-016
   50.2861383991364       4.363450620464377E-016
   49.1187233627271       4.214573591108610E-016
   47.9778819368445       4.070792446107265E-016
   46.8630092322637       3.931931874389806E-016
   45.7735141287197       3.797822645388083E-016
   44.7088189614874       3.668301395468602E-016
   43.6683592150962       3.543210422010821E-016
   42.6515832240165       3.422397484850060E-016
   41.6579518801592       3.305715614814448E-016
   40.6869383470335       3.193022929095587E-016
   39.7380277804112       3.084182453202537E-016
   38.8107170553497       2.979061949258252E-016
   37.9045144994280       2.877533750406704E-016
   37.0189396320561       2.779474601107718E-016
   36.1535229097172       2.684765503104960E-016
   35.3078054770101       2.593291566860622E-016
   34.4813389233575       2.504941868258097E-016
   33.6736850452531       2.419609310381433E-016
   32.8844156139202       2.337190490187502E-016
   32.1131121482591       2.257585569893735E-016
   31.3593656929628       2.180698152910884E-016
   30.6227766016838       2.106435164156643E-016
   29.9029543251359       2.034706734592081E-016
   29.1995172040202       1.965426089828709E-016
   28.5120922666639       1.898509442659676E-016
   27.8403150312661       1.833875889373994E-016
   27.1838293126446       1.771447309717952E-016
   26.5422870333817       1.711148270372868E-016
   25.9153480392692       1.652905931823185E-016
   25.3026799189538       1.596649958493542E-016
   24.7039578276887       1.542312432037928E-016
   24.1188643150957       1.489827767668322E-016
   23.5470891568502       1.439132633414393E-016
   22.9883291901948       1.390165872209649E-016
   22.4422881531992       1.342868426703542E-016
   21.9086765276777       1.297183266702409E-016
   21.3872113856833       1.253055319145858E-016
   20.8776162394955       1.210431400528550E-016
   20.3796208950223       1.169260151680605E-016
   19.8929613085404       1.129491974823044E-016
   19.4173794466953       1.091078972817662E-016
   18.9526231496888       1.053974890533719E-016
   18.4984459975804       1.018135058256570E-016
   18.0546071796324       9.835163370661320E-017
   17.6208713666286       9.500770661156474E-017
   17.1970085860998       9.177770117437275E-017
   16.7827941003892       8.865773183550771E-017
   16.3780082874937       8.564404610076225E-017
   15.9824365246174       8.273301996460055E-017
   15.5958690743756       7.992115349235642E-017
   15.2181009735893       7.720506655569971E-017
   14.8489319246111       7.458149471599068E-017
   14.4881661891248       7.204728525033472E-017
   14.1356124843621       6.959939331533503E-017
   13.7910838816821       6.723487824372036E-017
   13.4543977074593       6.495089996919582E-017
   13.1253754462275       6.274471557503201E-017
   12.8038426460288       6.061367596206641E-017
   12.4896288259165       5.855522263194545E-017
   12.1825673855641       5.656688458158379E-017
   11.8824955169313       5.464627530496041E-017
   11.5892541179417       5.279108989850841E-017
   11.3026877081238       5.099910226648865E-017
   11.0226443461741       4.926816242286465E-017
   10.7489755493953       4.759619388631968E-017
   10.4815362149688       4.598119116517558E-017
   10.2201845430196       4.442121732908744E-017
   9.96478196143186       4.291440166449803E-017
   9.71519305237604       4.145893741094266E-017
   9.47128548050897       4.005307957539829E-017
   9.23292992280751       3.869514282196549E-017
   8.99999999999998       3.738349943427408E-017
   8.77237220955808       3.611657734808774E-017
   8.54992586021434       3.489285825167545E-017
   8.33254300796989       3.371087575160138E-017
   8.12010839355908       3.256921360166723E-017
   7.91250938133744       3.146650399281986E-017
   7.70963589956079       3.040142590191329E-017
   7.51138038202375       2.937270349728762E-017
   7.31763771102670       2.837910459919819E-017
   7.12830516164098       2.741943919319608E-017
   6.94328234724280       2.649255799462717E-017
   6.76247116628691       2.559735106247966E-017
   6.58577575029183       2.473274646087127E-017
   6.41310241300917       2.389770896652546E-017
   6.24435960074989       2.309123882064278E-017
   6.07945784384137       2.231237052362741E-017
   5.91830970918936       2.156017167118139E-017
   5.76082975391981       2.083374183032902E-017
   5.60693448007595       2.013221145398227E-017
   5.45654229034655       1.945474083270437E-017
   5.30957344480193       1.880051908237320E-017
   5.16595001861482       1.816876316648911E-017
   5.02559586074358       1.755871695191230E-017
   4.88843655355589       1.696965029685479E-017
   4.75439937337157       1.640085816998924E-017
   4.62341325190349       1.585165979957314E-017
   4.49540873857625       1.532139785152146E-017
   4.37031796370253       1.480943763539349E-017
   4.24807460249773       1.431516633729168E-017
   4.12861383991365       1.383799227869969E-017
   4.01187233627272       1.337734420031615E-017
   3.89778819368446       1.293267056996726E-017
   3.78630092322639       1.250343891370815E-017
   3.67735141287197       1.208913516924665E-017
   3.57088189614874       1.168926306084803E-017
   3.46683592150962       1.130334349489938E-017
   3.36515832240165       1.093091397533656E-017
   3.26579518801592       1.057152803815416E-017
   3.16869383470334       1.022475470423981E-017
   3.07380277804112       9.890177949792106E-018
   2.98107170553496       9.567396193599405E-018
   2.89045144994280       9.256021800473762E-018
   2.80189396320560       8.955680600151074E-018
   2.71535229097172       8.666011420984978E-018
   2.63078054770101       8.386665637778381E-018
   2.54813389233575       8.117306733112933E-018
   2.46736850452531       7.857609871553725E-018
   2.38844156139202       7.607261486123768E-018
   2.31131121482591       7.365958876461389E-018
   2.23593656929628       7.133409818093141E-018
   2.16227766016838       6.909332182276095E-018
   2.09029543251359       6.693453565886490E-018
   2.01995172040201       6.485510930857213E-018
   1.95120922666638       6.285250252694673E-018
   1.88403150312660       6.092426177637007E-018
   1.81838293126445       5.906801688050193E-018
   1.75422870333816       5.728147775697324E-018
   1.69153480392691       5.556243122558909E-018
   1.63026799189538       5.390873788929158E-018
   1.57039578276886       5.231832908564764E-018
   1.51188643150958       5.078920390718714E-018
   1.45470891568503       4.931942628952155E-018
   1.39883291901949       4.790712216681804E-018
   1.34422881531992       4.655047669488461E-018
   1.29086765276777       4.524773154283045E-018
   1.23872113856834       4.399718225499126E-018
   1.18776162394955       4.279717568554046E-018
   1.13796208950223       4.164610750892698E-018
   1.08929613085404       4.054241980997010E-018
   1.04173794466953       3.948459875808222E-018
  0.995262314968874       3.847117237065620E-018
  0.949844599758040       3.750070837112346E-018
  0.905460717963242       3.657181214753130E-018
  0.862087136662863       3.568312481769056E-018
  0.819700858609979       3.483332140696656E-018
  0.778279410038919       3.402110914462498E-018
  0.737800828749371       3.324522588427253E-018
  0.698243652461741       3.250443865334476E-018
  0.659586907437557       3.179754233578556E-018
  0.621810097358927       3.112335849104093E-018
  0.584893192461110       3.048073431126571E-018
  0.548816618912479       2.986854171724112E-018
  0.513561248436206       2.928567659195330E-018
  0.479108388168205       2.873105814912998E-018
  0.445439770745925       2.820362843232042E-018
  0.412537544622752       2.770235193838597E-018
  0.380384264602883       2.722621535759927E-018
  0.348962882591652       2.677422742098595E-018
  0.318256738556405       2.634541884413687E-018
  0.288249551693133       2.593884235551945E-018
  0.258925411794166       2.555357279636575E-018
  0.230268770812381       2.518870727854316E-018
  0.202264434617412       2.484336538644228E-018
  0.174897554939529       2.451668940885451E-018
  0.148153621496882       2.420784458705562E-018
  0.122018454301963       2.391601936584612E-018
  9.647819614318465E-002  2.364042563509990E-018
  7.151930523760597E-002  2.338029895040457E-018
  4.712854805089939E-002  2.313489872259925E-018
  2.329299228075410E-002  2.290350836738377E-018
