  -23.0258509299405        2.06674186110929     
  -23.0028250790105        1.97372316205720     
  -22.9797992280806        1.88489099393088     
  -22.9567733771506        1.80005693180370     
  -22.9337475262207        1.71904103126761     
  -22.9107216752908        1.64167144674694     
  -22.8876958243608        1.56778406699090     
  -22.8646699734309        1.49722216697164     
  -22.8416441225009        1.42983607544940     
  -22.8186182715710        1.36548285749983     
  -22.7955924206411        1.30402601132979     
  -22.7725665697111        1.24533517873879     
  -22.7495407187812        1.18928586861176     
  -22.7265148678512        1.13575919285669     
  -22.7034890169213        1.08464161422711     
  -22.6804631659914        1.03582470549432     
  -22.6574373150614       0.989204919458706     
  -22.6344114641315       0.944683369312288     
  -22.6113856132015       0.902165618886513     
  -22.5883597622716       0.861561482340516     
  -22.5653339113416       0.822784832864829     
  -22.5423080604117       0.785753419994897     
  -22.5192822094818       0.750388695146815     
  -22.4962563585518       0.716615645005257     
  -22.4732305076219       0.684362632410176     
  -22.4502046566919       0.653561244404788     
  -22.4271788057620       0.624146147122526     
  -22.4041529548321       0.596054947205149     
  -22.3811271039021       0.569228059458069     
  -22.3581012529722       0.543608580462168     
  -22.3350754020422       0.519142167874022     
  -22.3120495511123       0.495776925158506     
  -22.2890237001824       0.473463291509288     
  -22.2659978492524       0.452153936723719     
  -22.2429719983225       0.431803660809132     
  -22.2199461473925       0.412369298107596     
  -22.1969202964626       0.393809625735775     
  -22.1738944455327       0.376085276145668     
  -22.1508685946027       0.359158653620763     
  -22.1278427436728       0.342993854530486     
  -22.1048168927428       0.327556591173789     
  -22.0817910418129       0.312814119050342     
  -22.0587651908830       0.298735167405059     
  -22.0357393399530       0.285289872898639     
  -22.0127134890231       0.272449716263420     
  -21.9896876380931       0.260187461810192     
  -21.9666617871632       0.248477099657650     
  -21.9436359362333       0.237293790561953     
  -21.9206100853033       0.226613813229357     
  -21.8975842343734       0.216414514000175     
  -21.8745583834434       0.206674258797329     
  -21.8515325325135       0.197372387237575     
  -21.8285066815836       0.188489168808060     
  -21.8054808306536       0.180005761015264     
  -21.7824549797237       0.171904169417543     
  -21.7594291287937       0.164167209456513     
  -21.7364032778638       0.156778470006295     
  -21.7133774269338       0.149722278563319     
  -21.6903515760039       0.142983668002849     
  -21.6673257250740       0.136548344831701     
  -21.6442998741440       0.130402658869833     
  -21.6212740232141       0.124533574296481     
  -21.5982481722841       0.118928641999442     
  -21.5752223213542       0.113575973168835     
  -21.5521964704243       0.108464214079346     
  -21.5291706194943       0.103582522007454     
  -21.5061447685644       9.892054223256480E-002
  -21.4831189176344       9.446838607325758E-002
  -21.4600930667045       9.021660991207099E-002
  -21.4370672157746       8.615619516432427E-002
  -21.4140413648446       8.227852914849153E-002
  -21.3910155139147       7.857538681755097E-002
  -21.3679896629847       7.503891331255866E-002
  -21.3449638120548       7.166160730144089E-002
  -21.3219379611249       6.843630506766440E-002
  -21.2989121101949       6.535616531503437E-002
  -21.2758862592650       6.241465465638912E-002
  -21.2528604083350       5.960553375541129E-002
  -21.2298345574051       5.692284409215998E-002
  -21.2068087064752       5.436089532425235E-002
  -21.1837828555452       5.191425321688551E-002
  -21.1607570046153       4.957772811609701E-002
  -21.1377311536853       4.734636394081407E-002
  -21.1147053027554       4.521542767034219E-002
  -21.0916794518255       4.318039930499462E-002
  -21.0686536008955       4.123696227856803E-002
  -21.0456277499656       3.938099430232784E-002
  -21.0226018990356       3.760855862108205E-002
  -20.9995760481057       3.591589566279654E-002
  -20.9765501971758       3.429941506403969E-002
  -20.9535243462458       3.275568805434075E-002
  -20.9304984953159       3.128144018330978E-002
  -20.9074726443859       2.987354437508878E-002
  -20.8844467934560       2.852901429540632E-002
  -20.8614209425261       2.724499801716267E-002
  -20.8383950915961       2.601877197111088E-002
  -20.8153692406662       2.484773516880198E-002
  -20.7923433897362       2.372940368554054E-002
  -20.7693175388063       2.266140539164803E-002
  -20.7462916878764       2.164147492085850E-002
  -20.7232658369464       2.066744886517367E-002
  -20.7002399860165       1.973726118598520E-002
  -20.6772141350865       1.884893883173044E-002
  -20.6541882841566       1.800059755278619E-002
  -20.6311624332266       1.719043790472329E-002
  -20.6081365822967       1.641674143144429E-002
  -20.5851107313668       1.567786702010832E-002
  -20.5620848804368       1.497224742011127E-002
  -20.5390590295069       1.429838591873776E-002
  -20.5160331785769       1.365485316643332E-002
  -20.4930073276470       1.304028414496292E-002
  -20.4699814767171       1.245337527202482E-002
  -20.4469556257871       1.189288163617824E-002
  -20.4239297748572       1.135761435621984E-002
  -20.4009039239272       1.084643805940773E-002
  -20.3778780729973       1.035826847318422E-002
  -20.3548522220674       9.892070125288793E-003
  -20.3318263711374       9.446854147383062E-003
  -20.3088005202075       9.021676177528953E-003
  -20.2857746692775       8.615634357070830E-003
  -20.2627488183476       8.227867417672823E-003
  -20.2397229674177       7.857552854453635E-003
  -20.2166971164877       7.503905181343839E-003
  -20.1936712655578       7.166174264965010E-003
  -20.1706454146278       6.843643733496663E-003
  -20.1476195636979       6.535629457155961E-003
  -20.1245937127680       6.241478097067104E-003
  -20.1015678618380       5.960565719442350E-003
  -20.0785420109081       5.692296472135164E-003
  -20.0555161599781       5.436101320758276E-003
  -20.0324903090482       5.191436841685811E-003
  -20.0094644581183       4.957784069379213E-003
  -19.9864386071883       4.734647395592241E-003
  -19.9634127562584       4.521553518119533E-003
  -19.9403869053284       4.318050436859636E-003
  -19.9173610543985       4.123706495062463E-003
  -19.8943352034686       3.938109463727750E-003
  -19.8713093525386       3.760865667212383E-003
  -19.8482835016087       3.591599148191852E-003
  -19.8252576506787       3.429950870204657E-003
  -19.8022317997488       3.275577956088100E-003
  -19.7792059488189       3.128152960690128E-003
  -19.7561800978889       2.987363176314522E-003
  -19.7331542469590       2.852909969426214E-003
  -19.7101283960290       2.724508147209760E-003
  -19.6871025450991       2.601885352637396E-003
  -19.6640766941692       2.484781486763503E-003
  -19.6410508432392       2.372948157020105E-003
  -19.6180249923093       2.266148150343163E-003
  -19.5949991413793       2.164154930012079E-003
  -19.5719732904494       2.066752155135165E-003
  -19.5489474395194       1.973733221761816E-003
  -19.5259215885895       1.884900824648043E-003
  -19.5028957376596       1.800066538745797E-003
  -19.4798698867296       1.719050419528382E-003
  -19.4568440357997       1.641680621304184E-003
  -19.4338181848697       1.567793032709107E-003
  -19.4107923339398       1.497230928604557E-003
  -19.3877664830099       1.429844637642586E-003
  -19.3647406320799       1.365491224793082E-003
  -19.3417147811500       1.304034188159574E-003
  -19.3186889302200       1.245343169440582E-003
  -19.2956630792901       1.189293677422345E-003
  -19.2726372283602       1.135766823916423E-003
  -19.2496113774302       1.084649071582097E-003
  -19.2265855265003       1.035831993098556E-003
  -19.2035596755703       9.892120411761967E-004
  -19.1805338246404       9.446903289190760E-004
  -19.1575079737105       9.021724200726940E-004
  -19.1344821227805       8.615681287121774E-004
  -19.1114562718506       8.227913279459786E-004
  -19.0884304209206       7.857597672293276E-004
  -19.0654045699907       7.503948978999299E-004
  -19.0423787190608       7.166217065658516E-004
  -19.0193528681308       6.843685559921841E-004
  -18.9963270172009       6.535670331489863E-004
  -18.9733011662709       6.241518040981976E-004
  -18.9502753153410       5.960604754117114E-004
  -18.9272494644111       5.692334618266651E-004
  -18.9042236134811       5.436138598572201E-004
  -18.8811977625512       5.191473270947494E-004
  -18.8581719116212       4.957819669404098E-004
  -18.8351460606913       4.734682185256025E-004
  -18.8121202097614       4.521587515868286E-004
  -18.7890943588314       4.318083660719546E-004
  -18.7660685079015       4.123738962649389E-004
  -18.7430426569715       3.938141192256569E-004
  -18.7200168060416       3.760896673506110E-004
  -18.6969909551117       3.591629448690566E-004
  -18.6739651041817       3.429980480974212E-004
  -18.6509392532518       3.275606892828650E-004
  -18.6279134023218       3.128181238744445E-004
  -18.6048875513919       2.987390810676138E-004
  -18.5818617004619       2.852936974747361E-004
  -18.5588358495320       2.724534537809148E-004
  -18.5358099986021       2.601911142507801E-004
  -18.5127841476721       2.484806689579185E-004
  -18.4897582967422       2.372972786144063E-004
  -18.4667324458122       2.266172218834213E-004
  -18.4437065948823       2.164178450631784E-004
  -18.4206807439524       2.066775140354601E-004
  -18.3976548930224       1.973755683768180E-004
  -18.3746290420925       1.884922775351119E-004
  -18.3516031911625       1.800087989784268E-004
  -18.3285773402326       1.719071382276004E-004
  -18.3055514893027       1.641701106875813E-004
  -18.2825256383727       1.567813051966584E-004
  -18.2594997874428       1.497250492162499E-004
  -18.2364739365128       1.429863755873981E-004
  -18.2134480855829       1.365509907834800E-004
  -18.1904222346530       1.304052445917742E-004
  -18.1673963837230       1.245361011595834E-004
  -18.1443705327931       1.189311113434960E-004
  -18.1213446818631       1.135783863031342E-004
  -18.0983188309332       1.084665722833808E-004
  -18.0752929800033       1.035848265315904E-004
  -18.0522671290733       9.892279429870554E-005
  -18.0292412781434       9.447058687549274E-005
  -18.0062154272134       9.021876061730952E-005
  -17.9831895762835       8.615829691291301E-005
  -17.9601637253536       8.228058305481991E-005
  -17.9371378744236       7.857739397064177E-005
  -17.9141120234937       7.504087477664552E-005
  -17.8910861725637       7.166352411653252E-005
  -17.8680603216338       6.843817825009600E-005
  -17.8450344707039       6.535799585800652E-005
  -17.8220086197739       6.241644353049444E-005
  -17.7989827688440       5.960728190914897E-005
  -17.7759569179140       5.692455245243878E-005
  -17.7529310669841       5.436256479688196E-005
  -17.7299052160542       5.191588468705690E-005
  -17.7068793651242       4.957932244885175E-005
  -17.6838535141943       4.734792198150297E-005
  -17.6608276632643       4.521695024507352E-005
  -17.6378018123344       4.318188722107182E-005
  -17.6147759614044       4.123841632491871E-005
  -17.5917501104745       3.938241524992112E-005
  -17.5687242595446       3.760994722333761E-005
  -17.5456984086146       3.591725265598416E-005
  -17.5226725576847       3.430074116766960E-005
  -17.4996467067547       3.275698397154537E-005
  -17.4766208558248       3.128270660121579E-005
  -17.4535950048949       2.987478196518221E-005
  -17.4305691539649       2.853022371388829E-005
  -17.4075433030350       2.724617990529735E-005
  -17.3845174521050       2.601992695556548E-005
  -17.3614916011751       2.484886386197903E-005
  -17.3384657502452       2.373050668590258E-005
  -17.3154398993152       2.266248328403494E-005
  -17.2924140483853       2.164252827679757E-005
  -17.2693881974553       2.066847824318264E-005
  -17.2463623465254       1.973826713186840E-005
  -17.2233364955955       1.884992187886816E-005
  -17.2003106446655       1.800155822241753E-005
  -17.1772847937356       1.719137670622247E-005
  -17.1542589428056       1.641765886259079E-005
  -17.1312330918757       1.567876356735074E-005
  -17.1082072409458       1.497312355882533E-005
  -17.0851813900158       1.429924211347826E-005
  -17.0621555390859       1.365568987118053E-005
  -17.0391296881559       1.304110180336326E-005
  -17.0161038372260       1.245417431762607E-005
  -16.9930779862961       1.189366249265944E-005
  -16.9700521353661       1.135837743761590E-005
  -16.9470262844362       1.084718377032901E-005
  -16.9240004335062       1.035899720903099E-005
  -16.9009745825763       9.892782272460921E-006
  -16.8779487316464       9.447550083484891E-006
  -16.8549228807164       9.022356271569495E-006
  -16.8318970297865       8.616298969659429E-006
  -16.8088711788565       8.228516901210350E-006
  -16.7858453279266       7.858187553319340E-006
  -16.7628194769967       7.504525432077941E-006
  -16.7397936260667       7.166780396447140E-006
  -16.7167677751368       6.844236067120236E-006
  -16.6937419242068       6.536208306998584E-006
  -16.6707160732769       6.242043770057107E-006
  -16.6476902223470       5.961118515521521E-006
  -16.6246643714170       5.692836684417781E-006
  -16.6016385204871       5.436629235686484E-006
  -16.5786126695571       5.191952739181613E-006
  -16.5555868186272       4.958288222992807E-006
  -16.5325609676972       4.735140072646989E-006
  -16.5095351167673       4.522034979853811E-006
  -16.4865092658374       4.318520938565309E-006
  -16.4634834149074       4.124166286220243E-006
  -16.4404575639775       3.938558788139477E-006
  -16.4174317130475       3.761304763130286E-006
  -16.3944058621176       3.592028248444882E-006
  -16.3713800111877       3.430370202321927E-006
  -16.3483541602577       3.275987742419530E-006
  -16.3253283093278       3.128553418524334E-006
  -16.3023024583978       2.987754517994031E-006
  -16.2792766074679       2.853292402460044E-006
  -16.2562507565380       2.724881874383448E-006
  -16.2332249056080       2.602250572120517E-006
  -16.2101990546781       2.485138392214742E-006
  -16.1871732037481       2.373296937689938E-006
  -16.1641473528182       2.266488991174196E-006
  -16.1411215018883       2.164488011737114E-006
  -16.1180956509583       2.067077654373022E-006
  -16.0950698000284       1.974051311110979E-006
  -16.0720439490984       1.885211672778177E-006
  -16.0490180981685       1.800370310487174E-006
  -16.0259922472386       1.719347275959282E-006
  -16.0029663963086       1.641970719836296E-006
  -15.9799405453787       1.568076527170995E-006
  -15.9569146944487       1.497507969323210E-006
  -15.9338888435188       1.430115371523147E-006
  -15.9108629925889       1.365755795396719E-006
  -15.8878371416589       1.304292735779603E-006
  -15.8648112907290       1.245595831176854E-006
  -15.8417854397990       1.189540587253938E-006
  -15.8187595888691       1.136008112772685E-006
  -15.7957337379392       1.084884867412046E-006
  -15.7727078870092       1.036062420938744E-006
  -15.7496820360793       9.894372232169904E-007
  -15.7266561851493       9.449103845694588E-007
  -15.7036303342194       9.023874660235647E-007
  -15.6806044832895       8.617782789982260E-007
  -15.6575786323595       8.229966940061493E-007
  -15.6345527814296       7.859604579659042E-007
  -15.6115269304996       7.505910197362778E-007
  -15.5885010795697       7.168133635028451E-007
  -15.5654752286397       6.845558496633484E-007
  -15.5424493777098       6.537500628743855E-007
  -15.5194235267799       6.243306669370953E-007
  -15.4963976758499       5.962352662140328E-007
  -15.4733718249200       5.694042732832877E-007
  -15.4503459739900       5.437807825491196E-007
  -15.4273201230601       5.193104495410272E-007
  -15.4042942721302       4.959413756452264E-007
  -15.3812684212002       4.736239980240438E-007
  -15.3582425702703       4.523109844897272E-007
  -15.3352167193403       4.319571331096910E-007
  -15.3121908684104       4.125192763302463E-007
  -15.2891650174805       3.939561894154508E-007
  -15.2661391665505       3.762285030068668E-007
  -15.2431133156206       3.592986196187577E-007
  -15.2200874646906       3.431306338915963E-007
  -15.1970616137607       3.276902564347375E-007
  -15.1740357628308       3.129447410967138E-007
  -15.1510099119008       2.988628155088876E-007
  -15.1279840609709       2.854146147551325E-007
  -15.1049582100409       2.725716180268580E-007
  -15.0819323591110       2.603065881289978E-007
  -15.0589065081811       2.485935137086701E-007
  -15.0358806572511       2.374075540839526E-007
  -15.0128548063212       2.267249865557564E-007
  -14.9898289553912       2.165231560910386E-007
  -14.9668031044613       2.067804272706268E-007
  -14.9437772535314       1.974761383997312E-007
  -14.9207514026014       1.885905576838093E-007
  -14.8977255516715       1.801048413768247E-007
  -14.8746997007415       1.720009938131302E-007
  -14.8516738498116       1.642618292381972E-007
  -14.8286479988817       1.568709353572317E-007
  -14.8056221479517       1.498126385243568E-007
  -14.7825962970218       1.430719704985302E-007
  -14.7595704460918       1.366346366956727E-007
  -14.7365445951619       1.304869858696777E-007
  -14.7135187442320       1.246159811579859E-007
  -14.6904928933020       1.190091724303102E-007
  -14.6674670423721       1.136546698818623E-007
  -14.6444411914421       1.085411188150663E-007
  -14.6214153405122       1.036576755562716E-007
  -14.5983894895822       9.899398445638015E-008
  -14.5753636386523       9.454015592660511E-008
  -14.5523377877224       9.028674546277188E-008
  -14.5293119367924       8.622473361367078E-008
  -14.5062860858625       8.234550685097169E-008
  -14.4832602349325       7.864083930012411E-008
  -14.4602343840026       7.510287529349238E-008
  -14.4372085330727       7.172411270871904E-008
  -14.4141826821427       6.849738705697625E-008
  -14.3911568312128       6.541585628735381E-008
  -14.3681309802828       6.247298627515501E-008
  -14.3451051293529       5.966253696331492E-008
  -14.3220792784230       5.697854912755164E-008
  -14.2990534274930       5.441533173717409E-008
  -14.2760275765631       5.196744988473892E-008
  -14.2530017256331       4.962971325895446E-008
  -14.2299758747032       4.739716513638134E-008
  -14.2069500237733       4.526507186858050E-008
  -14.1839241728433       4.322891284240991E-008
  -14.1608983219134       4.128437089217491E-008
  -14.1378724709834       3.942732314329569E-008
  -14.1148466200535       3.765383226807048E-008
  -14.0918207691236       3.596013813498736E-008
  -14.0687949181936       3.434264983387217E-008
  -14.0457690672637       3.279793805995725E-008
  -14.0227432163337       3.132272784071719E-008
  -13.9997173654038       2.991389159004445E-008
  -13.9766915144739       2.856844247503255E-008
  -13.9536656635439       2.728352808129697E-008
  -13.9306398126140       2.605642436339824E-008
  -13.9076139616840       2.488452986753405E-008
  -13.8845881107541       2.376536021424847E-008
  -13.8615622598242       2.269654282945416E-008
  -13.8385364088942       2.167581191259230E-008
  -13.8155105579643       2.070100363125750E-008
  -13.7924847070343       1.977005153209502E-008
  -13.7694588561044       1.888098215823662E-008
  -13.7464330051745       1.803191086397942E-008
  -13.7234071542445       1.722103781783046E-008
  -13.7003813033146       1.644664418543918E-008
  -13.6773554523846       1.570708848432170E-008
  -13.6543296014547       1.500080310264506E-008
  -13.6313037505248       1.432629097468760E-008
  -13.6082778995948       1.368212240592401E-008
  -13.5852520486649       1.306693204100096E-008
  -13.5622261977349       1.247941596817217E-008
  -13.5392003468050       1.191832895405139E-008
  -13.5161744958750       1.138248180281833E-008
  -13.4931486449451       1.087073883427564E-008
  -13.4701227940152       1.038201547540875E-008
  -13.4470969430852       9.915275960339542E-009
  -13.4240710921553       9.469531133795626E-009
  -13.4010452412253       9.043836353436363E-009
  -13.3780193902954       8.637289486586329E-009
  -13.3549935393655       8.249028997127360E-009
  -13.3319676884355       7.878232118491370E-009
  -13.3089418375056       7.524113108878889E-009
  -13.2859159865756       7.185921585002629E-009
  -13.2628901356457       6.862940930821891E-009
  -13.2398642847158       6.554486777892802E-009
  -13.2168384337858       6.259905554111146E-009
  -13.1938125828559       5.978573097769747E-009
  -13.1707867319259       5.709893333990748E-009
  -13.1477608809960       5.453297010725590E-009
  -13.1247350300661       5.208240491641710E-009
  -13.1017091791361       4.974204603335796E-009
  -13.0786833282062       4.750693534428315E-009
  -13.0556574772762       4.537233784204666E-009
  -13.0326316263463       4.333373158572790E-009
  -13.0096057754164       4.138679811207813E-009
  -12.9865799244864       3.952741327849983E-009
  -12.9635540735565       3.775163851813766E-009
  -12.9405282226265       3.605571248853325E-009
  -12.9175023716966       3.443604309613097E-009
  -12.8944765207667       3.288919987971933E-009
  -12.8714506698367       3.141190673665348E-009
  -12.8484248189068       3.000103497643170E-009
  -12.8253989679768       2.865359668689298E-009
  -12.8023731170469       2.736673839896576E-009
  -12.7793472661170       2.613773503653146E-009
  -12.7563214151870       2.496398413857073E-009
  -12.7332955642571       2.384300034133814E-009
  -12.7102697133271       2.277241010886265E-009
  -12.6872438623972       2.174994670059753E-009
  -12.6642180114673       2.077344536554705E-009
  -12.6411921605373       1.984083875267628E-009
  -12.6181663096074       1.895015252787127E-009
  -12.5951404586774       1.809950118815267E-009
  -12.5721146077475       1.728708406426580E-009
  -12.5490887568175       1.651118150316889E-009
  -12.5260629058876       1.577015122232332E-009
  -12.5030370549577       1.506242482805361E-009
  -12.4800112040277       1.438650449059329E-009
  -12.4569853530978       1.374095976876484E-009
  -12.4339595021678       1.312442457755943E-009
  -12.4109336512379       1.253559429218509E-009
  -12.3879078003080       1.197322298244173E-009
  -12.3648819493780       1.143612077155733E-009
  -12.3418560984481       1.092315131388424E-009
  -12.3188302475181       1.043322938610593E-009
  -12.2958043965882       9.965318586845962E-010
  -12.2727785456583       9.518429139800246E-010
  -12.2497526947283       9.091615795733925E-010
  -12.2267268437984       8.683975828892852E-010
  -12.2037009928684       8.294647123581305E-010
  -12.1806751419385       7.922806346847475E-010
  -12.1576492910086       7.567667203401696E-010
  -12.1346234400786       7.228478769066531E-010
  -12.1115975891487       6.904523899224403E-010
  -12.0885717382187       6.595117708887553E-010
  -12.0655458872888       6.299606121167011E-010
  -12.0425200363589       6.017364481062303E-010
  -12.0194941854289       5.747796231632201E-010
  -11.9964683344990       5.490331649739091E-010
  -11.9734424835690       5.244426638685904E-010
  -11.9504166326391       5.009561575185208E-010
  -11.9273907817092       4.785240208215303E-010
  -11.9043649307792       4.570988607428193E-010
  -11.8813390798493       4.366354158879417E-010
  -11.8583132289193       4.170904605950043E-010
  -11.8352873779894       3.984227133427141E-010
  -11.8122615270595       3.805927492800171E-010
  -11.7892356761295       3.635629166918774E-010
  -11.7662098251996       3.472972572240310E-010
  -11.7431839742696       3.317614296975586E-010
  -11.7201581233397       3.169226373517219E-010
  -11.6971322724098       3.027495583607810E-010
  -11.6741064214798       2.892122794774539E-010
  -11.6510805705499       2.762822326623098E-010
  -11.6280547196199       2.639321345647208E-010
  -11.6050288686900       2.521359287270443E-010
  -11.5820030177600       2.408687303894840E-010
  -11.5589771668301       2.301067737785910E-010
  -11.5359513159002       2.198273617676375E-010
  -11.5129254649702       2.100088178021215E-010
  -11.4898996140403       2.006304399884676E-010
  -11.4668737631103       1.916724572485759E-010
  -11.4438479121804       1.831159874472512E-010
  -11.4208220612505       1.749429974037324E-010
  -11.3977962103205       1.671362647025261E-010
  -11.3747703593906       1.596793412225854E-010
  -11.3517445084606       1.525565183074958E-010
  -11.3287186575307       1.457527935028257E-010
  -11.3056928066008       1.392538387901162E-010
  -11.2826669556708       1.330459702501602E-010
  -11.2596411047409       1.271161190912511E-010
  -11.2366152538109       1.214518039809782E-010
  -11.2135894028810       1.160411046229064E-010
  -11.1905635519511       1.108726365221220E-010
  -11.1675377010211       1.059355268861438E-010
  -11.1445118500912       1.012193916101101E-010
  -11.1214859991612       9.671431329744683E-011
  -11.0984601482313       9.241082026942307E-011
  -11.0754342973014       8.829986651909277E-011
  -11.0524084463714       8.437281256712698E-011
  -11.0293825954415       8.062140717895201E-011
  -11.0063567445115       7.703776990443548E-011
  -10.9833308935816       7.361437440310839E-011
  -10.9603050426517       7.034403251957116E-011
  -10.9372791917217       6.721987907533208E-011
  -10.9142533407918       6.423535734483626E-011
  -10.8912274898618       6.138420518489925E-011
  -10.8682016389319       5.866044178814362E-011
  -10.8451757880020       5.605835503236019E-011
  -10.8221499370720       5.357248939897852E-011
  -10.7991240861421       5.119763443503900E-011
  -10.7760982352121       4.892881373421046E-011
  -10.7530723842822       4.676127441349827E-011
  -10.7300465333523       4.469047706333864E-011
  -10.7070206824223       4.271208614977880E-011
  -10.6839948314924       4.082196084840117E-011
  -10.6609689805624       3.901614629056489E-011
  -10.6379431296325       3.729086520341261E-011
  -10.6149172787026       3.564250992592516E-011
  -10.5918914277726       3.406763478410376E-011
  -10.5688655768427       3.256294880912195E-011
  -10.5458397259127       3.112530878301390E-011
  -10.5228138749828       2.975171259716437E-011
  -10.4997880240528       2.843929290952457E-011
  -10.4767621731229       2.718531108711428E-011
  -10.4537363221930       2.598715142097400E-011
  -10.4307104712630       2.484231560130931E-011
  -10.4076846203331       2.374841744112067E-011
  -10.3846587694031       2.270317783713905E-011
  -10.3616329184732       2.170441995739067E-011
  -10.3386070675433       2.075006464519460E-011
  -10.3155812166133       1.983812602985586E-011
  -10.2925553656834       1.896670733475476E-011
  -10.2695295147534       1.813399687395174E-011
  -10.2465036638235       1.733826422882642E-011
  -10.2234778128936       1.657785659665149E-011
  -10.2004519619636       1.585119530336630E-011
  -10.1774261110337       1.515677247316309E-011
  -10.1544002601037       1.449314784783155E-011
  -10.1313744091738       1.385894574912379E-011
  -10.1083485582439       1.325285217770683E-011
  -10.0853227073139       1.267361204255703E-011
  -10.0622968563840       1.212002651492915E-011
  -10.0392710054540       1.159095050129569E-011
  -10.0162451545241       1.108529022990476E-011
  -9.99321930359416       1.060200094584557E-011
  -9.97019345266422       1.014008470974036E-011
  -9.94716760173428       9.698588295401364E-012
  -9.92414175080434       9.276601182001237E-012
  -9.90111589987440       8.873253636505403E-012
  -9.87809004894446       8.487714882306360E-012
  -9.85506419801452       8.119191350182461E-012
  -9.83203834708458       7.766925007878238E-012
  -9.80901249615463       7.430191764769930E-012
  -9.78598664522469       7.108299948238974E-012
  -9.76296079429475       6.800588848528152E-012
  -9.73993494336481       6.506427329000374E-012
  -9.71690909243487       6.225212498858150E-012
  -9.69388324150493       5.956368445515002E-012
  -9.67085739057499       5.699345023935597E-012
  -9.64783153964505       5.453616700382607E-012
  -9.62480568871511       5.218681448123419E-012
  -9.60177983778517       4.994059692759890E-012
  -9.57875398685523       4.779293304949513E-012
  -9.55572813592529       4.573944638386740E-012
  -9.53270228499535       4.377595611009092E-012
  -9.50967643406541       4.189846827484269E-012
  -9.48665058313547       4.010316741121903E-012
  -9.46362473220553       3.838640853437128E-012
  -9.44059888127559       3.674470949672878E-012
  -9.41757303034565       3.517474368664021E-012
  -9.39454717941571       3.367333305499128E-012
  -9.37152132848577       3.223744145505216E-012
  -9.34849547755583       3.086416828147050E-012
  -9.32546962662588       2.955074239496037E-012
  -9.30244377569594       2.829451631984234E-012
  -9.27941792476600       2.709296070216629E-012
  -9.25639207383606       2.594365901670334E-012
  -9.23336622290612       2.484430251161736E-012
  -9.21034037197618       2.379268538013128E-012
  -9.18731452104624       2.278670014898395E-012
  -9.16428867011630       2.182433327393201E-012
  -9.14126281918636       2.090366093298982E-012
  -9.11823696825642       2.002284500851902E-012
  -9.09521111732648       1.918012924967922E-012
  -9.07218526639654       1.837383560713295E-012
  -9.04915941546660       1.760236073226287E-012
  -9.02613356453666       1.686417263350736E-012
  -9.00310771360672       1.615780748275302E-012
  -8.98008186267678       1.548186656504066E-012
  -8.95705601174684       1.483501336514409E-012
  -8.93403016081690       1.421597078487118E-012
  -8.91100430988696       1.362351848521305E-012
  -8.88797845895701       1.305649034773161E-012
  -8.86495260802707       1.251377204982740E-012
  -8.84192675709713       1.199429874877184E-012
  -8.81890090616719       1.149705286961672E-012
  -8.79587505523725       1.102106199231447E-012
  -8.77284920430731       1.056539683359225E-012
  -8.74982335337737       1.012916931932337E-012
  -8.72679750244743       9.711530743331059E-013
  -8.70377165151749       9.311670008742175E-013
  -8.68074580058755       8.928811948183418E-013
  -8.65771994965761       8.562215719278864E-013
  -8.63469409872767       8.211173272067224E-013
  -8.61166824779773       7.875007885109091E-013
  -8.58864239686779       7.553072767199757E-013
  -8.56561654593785       7.244749721741774E-013
  -8.54259069500791       6.949447870963974E-013
  -8.51956484407797       6.666602437300050E-013
  -8.49653899314803       6.395673579360667E-013
  -8.47351314221809       6.136145280048488E-013
  -8.45048729128815       5.887524284475290E-013
  -8.42746144035821       5.649339085446273E-013
  -8.40443558942827       5.421138954376386E-013
  -8.38140973849833       5.202493015599928E-013
  -8.35838388756838       4.992989362126141E-013
  -8.33535803663844       4.792234210981070E-013
  -8.31233218570850       4.599851096359528E-013
  -8.28930633477856       4.415480098890845E-013
  -8.26628048384862       4.238777109398263E-013
  -8.24325463291868       4.069413125604686E-013
  -8.22022878198874       3.907073580306978E-013
  -8.19720293105880       3.751457699607407E-013
  -8.17417708012886       3.602277889854242E-013
  -8.15115122919892       3.459259152004058E-013
  -8.12812537826898       3.322138522176128E-013
  -8.10509952733904       3.190664537224519E-013
  -8.08207367640910       3.064596724206238E-013
  -8.05904782547916       2.943705112674146E-013
  -8.03602197454922       2.827769768771503E-013
  -8.01299612361928       2.716580350150795E-013
  -7.98997027268934       2.609935680783632E-013
  -7.96694442175940       2.507643344770131E-013
  -7.94391857082946       2.409519298296375E-013
  -7.92089271989952       2.315387498926714E-013
  -7.89786686896958       2.225079551454147E-013
  -7.87484101803964       2.138434369566912E-013
  -7.85181516710970       2.055297852622676E-013
  -7.82878931617975       1.975522576853510E-013
  -7.80576346524981       1.898967500355207E-013
  -7.78273761431987       1.825497681243486E-013
  -7.75971176338993       1.754984008387318E-013
  -7.73668591245999       1.687302944156069E-013
  -7.71366006153005       1.622336278642394E-013
  -7.69063421060011       1.559970894846971E-013
  -7.66760835967017       1.500098544334165E-013
  -7.64458250874023       1.442615632889764E-013
  -7.62155665781029       1.387423015732913E-013
  -7.59853080688035       1.334425801854431E-013
  -7.57550495595041       1.283533167072935E-013
  -7.55247910502047       1.234658175418439E-013
  -7.52945325409053       1.187717608470603E-013
  -7.50642740316059       1.142631802295539E-013
  -7.48340155223065       1.099324491641004E-013
  -7.46037570130071       1.057722661065064E-013
  -7.43734985037077       1.017756402687867E-013
  -7.41432399944083       9.793587802700697E-014
  -7.39129814851089       9.424656993347352E-014
  -7.36827229758095       9.070157830622051E-014
  -7.34524644665101       8.729502536995769E-014
  -7.32222059572107       8.402128192379730E-014
  -7.29919474479112       8.087495651218563E-014
  -7.27616889386118       7.785088507652000E-014
  -7.25314304293124       7.494412106594087E-014
  -7.23011719200130       7.214992598675198E-014
  -7.20709134107136       6.946376037084354E-014
  -7.18406549014142       6.688127514436715E-014
  -7.16103963921148       6.439830337876055E-014
  -7.13801378828154       6.201085240701238E-014
  -7.11498793735160       5.971509628883031E-014
  -7.09196208642166       5.750736860910486E-014
  -7.06893623549172       5.538415559476173E-014
  -7.04591038456178       5.334208953576301E-014
  -7.02288453363184       5.137794249665573E-014
  -6.99985868270190       4.948862030567646E-014
  -6.97683283177196       4.767115680900200E-014
  -6.95380698084202       4.592270837829351E-014
  -6.93078112991208       4.424054866021217E-014
  -6.90775527898214       4.262206355709246E-014
  -6.88472942805220       4.106474642844397E-014
  -6.86170357712226       3.956619350341588E-014
  -6.83867772619232       3.812409949480106E-014
  -6.81565187526238       3.673625340557908E-014
  -6.79262602433244       3.540053451940159E-014
  -6.76960017340249       3.411490856680924E-014
  -6.74657432247255       3.287742405933757E-014
  -6.72354847154261       3.168620878402176E-014
  -6.70052262061267       3.053946645114589E-014
  -6.67749676968273       2.943547348840411E-014
  -6.65447091875279       2.837257597494727E-014
  -6.63144506782285       2.734918670908249E-014
  -6.60841921689291       2.636378240367208E-014
  -6.58539336596297       2.541490100354660E-014
  -6.56236751503303       2.450113911950225E-014
  -6.53934166410309       2.362114957369436E-014
  -6.51631581317315       2.277363905147678E-014
  -6.49328996224321       2.195736585495396E-014
  -6.47026411131327       2.117113775372893E-014
  -6.44723826038333       2.041380992853176E-014
  -6.42421240945339       1.968428300360733E-014
  -6.40118655852345       1.898150116392666E-014
  -6.37816070759350       1.830445035346270E-014
  -6.35513485666356       1.765215655094043E-014
  -6.33210900573362       1.702368411963247E-014
  -6.30908315480368       1.641813422792565E-014
  -6.28605730387374       1.583464333753085E-014
  -6.26303145294380       1.527238175634911E-014
  -6.24000560201386       1.473055225314108E-014
  -6.21697975108392       1.420838873127525E-014
  -6.19395390015398       1.370515495895243E-014
  -6.17092804922404       1.322014335342106E-014
  -6.14790219829410       1.275267381680935E-014
  -6.12487634736416       1.230209262130695E-014
  -6.10185049643422       1.186777134153037E-014
  -6.07882464550428       1.144910583200367E-014
  -6.05579879457434       1.104551524777866E-014
  -6.03277294364440       1.065644110630729E-014
  -6.00974709271446       1.028134638876377E-014
  -5.98672124178452       9.919714679094225E-015
  -5.96369539085458       9.571049339149224E-015
  -5.94066953992464       9.234872718327918E-015
  -5.91764368899470       8.910725396232712E-015
  -5.89461783806476       8.598165456900679E-015
  -5.87159198713482       8.296767793241838E-015
  -5.84856613620488       8.006123440375619E-015
  -5.82554028527494       7.725838936615214E-015
  -5.80251443434500       7.455535710905293E-015
  -5.77948858341506       7.194849495571696E-015
  -5.75646273248511       6.943429763292627E-015
  -5.73343688155517       6.700939187249482E-015
  -5.71041103062523       6.467053123461098E-015
  -5.68738517969529       6.241459114350711E-015
  -5.66435932876535       6.023856412635754E-015
  -5.64133347783541       5.813955524671810E-015
  -5.61830762690547       5.611477772420185E-015
  -5.59528177597553       5.416154873245396E-015
  -5.57225592504559       5.227728536783887E-015
  -5.54923007411565       5.045950078158866E-015
  -5.52620422318571       4.870580046848040E-015
  -5.50317837225577       4.701387870541648E-015
  -5.48015252132583       4.538151513357259E-015
  -5.45712667039589       4.380657147805738E-015
  -5.43410081946595       4.228698839929267E-015
  -5.41107496853601       4.082078247057777E-015
  -5.38804911760607       3.940604327654314E-015
  -5.36502326667613       3.804093062743074E-015
  -5.34199741574619       3.672367188435881E-015
  -5.31897156481624       3.545255939094056E-015
  -5.29594571388630       3.422594800682726E-015
  -5.27291986295636       3.304225273893928E-015
  -5.24989401202642       3.189994646633208E-015
  -5.22686816109648       3.079755775482008E-015
  -5.20384231016654       2.973366875764910E-015
  -5.18081645923660       2.870691319866811E-015
  -5.15779060830666       2.771597443460427E-015
  -5.13476475737672       2.675958359319160E-015
  -5.11173890644678       2.583651778404293E-015
  -5.08871305551684       2.494559837928872E-015
  -5.06568720458690       2.408568936113356E-015
  -5.04266135365696       2.325569573360316E-015
  -5.01963550272702       2.245456199587085E-015
  -4.99660965179708       2.168127067466431E-015
  -4.97358380086714       2.093484091335908E-015
  -4.95055794993720       2.021432711546724E-015
  -4.92753209900726       1.951881764032695E-015
  -4.90450624807731       1.884743354889082E-015
  -4.88148039714737       1.819932739760104E-015
  -4.85845454621743       1.757368207842141E-015
  -4.83542869528749       1.696970970318140E-015
  -4.81240284435755       1.638665053046121E-015
  -4.78937699342761       1.582377193332302E-015
  -4.76635114249767       1.528036740626390E-015
  -4.74332529156773       1.475575560983355E-015
  -4.72029944063779       1.424927945142525E-015
  -4.69727358970785       1.376030520080970E-015
  -4.67424773877791       1.328822163904167E-015
  -4.65122188784797       1.283243923942511E-015
  -4.62819603691803       1.239238937927743E-015
  -4.60517018598809       1.196752358128522E-015
  -4.58214433505815       1.155731278329316E-015
  -4.55911848412821       1.116124663541599E-015
  -4.53609263319827       1.077883282340817E-015
  -4.51306678226833       1.040959641727006E-015
  -4.49004093133839       1.005307924411052E-015
  -4.46701508040845       9.708839284326235E-016
  -4.44398922947851       9.376450090195813E-016
  -4.42096337854857       9.055500226023526E-016
  -4.39793752761863       8.745592729002440E-016
  -4.37491167668869       8.446344590000176E-016
  -4.35188582575875       8.157386253502704E-016
  -4.32885997482881       7.878361135982218E-016
  -4.30583412389887       7.608925161984611E-016
  -4.28280827296892       7.348746317260254E-016
  -4.25978242203898       7.097504218288781E-016
  -4.23675657110904       6.854889697574455E-016
  -4.21373072017910       6.620604404113484E-016
  -4.19070486924916       6.394360418458414E-016
  -4.16767901831922       6.175879881827444E-016
  -4.14465316738928       5.964894638728411E-016
  -4.12162731645934       5.761145892588013E-016
  -4.09860146552940       5.564383873896929E-016
  -4.07557561459946       5.374367520400697E-016
  -4.05254976366952       5.190864168884767E-016
  -4.02952391273958       5.013649258119295E-016
  -4.00649806180964       4.842506042547135E-016
  -3.98347221087970       4.677225316313725E-016
  -3.96044635994976       4.517605147253771E-016
  -3.93742050901982       4.363450620464377E-016
  -3.91439465808988       4.214573591108610E-016
  -3.89136880715994       4.070792446107265E-016
  -3.86834295622999       3.931931874389806E-016
  -3.84531710530005       3.797822645388083E-016
  -3.82229125437011       3.668301395468602E-016
  -3.79926540344017       3.543210422010821E-016
  -3.77623955251023       3.422397484850060E-016
  -3.75321370158029       3.305715614814448E-016
  -3.73018785065035       3.193022929095587E-016
  -3.70716199972041       3.084182453202537E-016
  -3.68413614879047       2.979061949258252E-016
  -3.66111029786053       2.877533750406704E-016
  -3.63808444693059       2.779474601107718E-016
  -3.61505859600065       2.684765503104960E-016
  -3.59203274507071       2.593291566860622E-016
  -3.56900689414077       2.504941868258097E-016
  -3.54598104321083       2.419609310381433E-016
  -3.52295519228089       2.337190490187502E-016
  -3.49992934135095       2.257585569893735E-016
  -3.47690349042101       2.180698152910884E-016
  -3.45387763949107       2.106435164156643E-016
  -3.43085178856113       2.034706734592081E-016
  -3.40782593763119       1.965426089828709E-016
  -3.38480008670125       1.898509442659676E-016
  -3.36177423577131       1.833875889373994E-016
  -3.33874838484137       1.771447309717952E-016
  -3.31572253391143       1.711148270372868E-016
  -3.29269668298149       1.652905931823185E-016
  -3.26967083205155       1.596649958493542E-016
  -3.24664498112161       1.542312432037928E-016
  -3.22361913019166       1.489827767668322E-016
  -3.20059327926172       1.439132633414393E-016
  -3.17756742833178       1.390165872209649E-016
  -3.15454157740184       1.342868426703542E-016
  -3.13151572647190       1.297183266702409E-016
  -3.10848987554196       1.253055319145858E-016
  -3.08546402461202       1.210431400528550E-016
  -3.06243817368208       1.169260151680605E-016
  -3.03941232275214       1.129491974823044E-016
  -3.01638647182220       1.091078972817662E-016
  -2.99336062089226       1.053974890533719E-016
  -2.97033476996232       1.018135058256570E-016
  -2.94730891903238       9.835163370661320E-017
  -2.92428306810244       9.500770661156474E-017
  -2.90125721717250       9.177770117437275E-017
  -2.87823136624256       8.865773183550771E-017
  -2.85520551531262       8.564404610076225E-017
  -2.83217966438268       8.273301996460055E-017
  -2.80915381345273       7.992115349235642E-017
  -2.78612796252279       7.720506655569971E-017
  -2.76310211159285       7.458149471599068E-017
  -2.74007626066291       7.204728525033472E-017
  -2.71705040973297       6.959939331533503E-017
  -2.69402455880303       6.723487824372036E-017
  -2.67099870787309       6.495089996919582E-017
  -2.64797285694315       6.274471557503201E-017
  -2.62494700601321       6.061367596206641E-017
  -2.60192115508327       5.855522263194545E-017
  -2.57889530415333       5.656688458158379E-017
  -2.55586945322339       5.464627530496041E-017
  -2.53284360229345       5.279108989850841E-017
  -2.50981775136351       5.099910226648865E-017
  -2.48679190043357       4.926816242286465E-017
  -2.46376604950363       4.759619388631968E-017
  -2.44074019857369       4.598119116517558E-017
  -2.41771434764375       4.442121732908744E-017
  -2.39468849671381       4.291440166449803E-017
  -2.37166264578386       4.145893741094266E-017
  -2.34863679485392       4.005307957539829E-017
  -2.32561094392398       3.869514282196549E-017
  -2.30258509299404       3.738349943427408E-017
  -2.27955924206410       3.611657734808774E-017
  -2.25653339113416       3.489285825167545E-017
  -2.23350754020422       3.371087575160138E-017
  -2.21048168927428       3.256921360166723E-017
  -2.18745583834434       3.146650399281986E-017
  -2.16442998741440       3.040142590191329E-017
  -2.14140413648446       2.937270349728762E-017
  -2.11837828555452       2.837910459919819E-017
  -2.09535243462458       2.741943919319608E-017
  -2.07232658369464       2.649255799462717E-017
  -2.04930073276470       2.559735106247966E-017
  -2.02627488183476       2.473274646087127E-017
  -2.00324903090482       2.389770896652546E-017
  -1.98022317997488       2.309123882064278E-017
  -1.95719732904494       2.231237052362741E-017
  -1.93417147811500       2.156017167118139E-017
  -1.91114562718506       2.083374183032902E-017
  -1.88811977625512       2.013221145398227E-017
  -1.86509392532518       1.945474083270437E-017
  -1.84206807439524       1.880051908237320E-017
  -1.81904222346530       1.816876316648911E-017
  -1.79601637253536       1.755871695191230E-017
  -1.77299052160541       1.696965029685479E-017
  -1.74996467067547       1.640085816998924E-017
  -1.72693881974553       1.585165979957314E-017
  -1.70391296881559       1.532139785152146E-017
  -1.68088711788565       1.480943763539349E-017
  -1.65786126695571       1.431516633729168E-017
  -1.63483541602577       1.383799227869969E-017
  -1.61180956509583       1.337734420031615E-017
  -1.58878371416589       1.293267056996726E-017
  -1.56575786323595       1.250343891370815E-017
  -1.54273201230601       1.208913516924665E-017
  -1.51970616137607       1.168926306084803E-017
  -1.49668031044613       1.130334349489938E-017
  -1.47365445951619       1.093091397533656E-017
  -1.45062860858625       1.057152803815416E-017
  -1.42760275765631       1.022475470423981E-017
  -1.40457690672637       9.890177949792106E-018
  -1.38155105579643       9.567396193599405E-018
  -1.35852520486648       9.256021800473762E-018
  -1.33549935393654       8.955680600151074E-018
  -1.31247350300660       8.666011420984978E-018
  -1.28944765207666       8.386665637778381E-018
  -1.26642180114672       8.117306733112933E-018
  -1.24339595021678       7.857609871553725E-018
  -1.22037009928684       7.607261486123768E-018
  -1.19734424835690       7.365958876461389E-018
  -1.17431839742696       7.133409818093141E-018
  -1.15129254649702       6.909332182276095E-018
  -1.12826669556708       6.693453565886490E-018
  -1.10524084463714       6.485510930857213E-018
  -1.08221499370720       6.285250252694673E-018
  -1.05918914277726       6.092426177637007E-018
  -1.03616329184732       5.906801688050193E-018
  -1.01313744091738       5.728147775697324E-018
 -0.990111589987439       5.556243122558909E-018
 -0.967085739057499       5.390873788929158E-018
 -0.944059888127558       5.231832908564764E-018
 -0.921034037197618       5.078920390718714E-018
 -0.898008186267678       4.931942628952155E-018
 -0.874982335337737       4.790712216681804E-018
 -0.851956484407797       4.655047669488461E-018
 -0.828930633477857       4.524773154283045E-018
 -0.805904782547916       4.399718225499126E-018
 -0.782878931617976       4.279717568554046E-018
 -0.759853080688035       4.164610750892698E-018
 -0.736827229758095       4.054241980997010E-018
 -0.713801378828155       3.948459875808222E-018
 -0.690775527898211       3.847117237065620E-018
 -0.667749676968270       3.750070837112346E-018
 -0.644723826038330       3.657181214753130E-018
 -0.621697975108390       3.568312481769056E-018
 -0.598672124178449       3.483332140696656E-018
 -0.575646273248509       3.402110914462498E-018
 -0.552620422318569       3.324522588427253E-018
 -0.529594571388628       3.250443865334476E-018
 -0.506568720458688       3.179754233578556E-018
 -0.483542869528748       3.112335849104093E-018
 -0.460517018598807       3.048073431126571E-018
 -0.437491167668867       2.986854171724112E-018
 -0.414465316738927       2.928567659195330E-018
 -0.391439465808986       2.873105814912998E-018
 -0.368413614879046       2.820362843232042E-018
 -0.345387763949105       2.770235193838597E-018
 -0.322361913019165       2.722621535759927E-018
 -0.299336062089225       2.677422742098595E-018
 -0.276310211159284       2.634541884413687E-018
 -0.253284360229344       2.593884235551945E-018
 -0.230258509299404       2.555357279636575E-018
 -0.207232658369463       2.518870727854316E-018
 -0.184206807439523       2.484336538644228E-018
 -0.161180956509583       2.451668940885451E-018
 -0.138155105579642       2.420784458705562E-018
 -0.115129254649702       2.391601936584612E-018
 -9.210340371976145E-002  2.364042563509990E-018
 -6.907755278982108E-002  2.338029895040457E-018
 -4.605170185988072E-002  2.313489872259925E-018
 -2.302585092994036E-002  2.290350836738377E-018
