  -0.23025851E+02   0.26987943E-06   0.55421669E-07   0.99999967E+00   0.87941779E-36
  -0.23002825E+02   0.27616573E-06   0.56712605E-07   0.99999967E+00   0.96426242E-36
  -0.22979799E+02   0.28259845E-06   0.58033611E-07   0.99999966E+00   0.10572927E-35
  -0.22956773E+02   0.28918101E-06   0.59385387E-07   0.99999965E+00   0.11592984E-35
  -0.22933748E+02   0.29591690E-06   0.60768649E-07   0.99999964E+00   0.12711454E-35
  -0.22910722E+02   0.30280969E-06   0.62184133E-07   0.99999964E+00   0.13937832E-35
  -0.22887696E+02   0.30986303E-06   0.63632587E-07   0.99999963E+00   0.15282529E-35
  -0.22864670E+02   0.31708066E-06   0.65114779E-07   0.99999962E+00   0.16756960E-35
  -0.22841644E+02   0.32446642E-06   0.66631497E-07   0.99999961E+00   0.18373641E-35
  -0.22818618E+02   0.33202421E-06   0.68183543E-07   0.99999960E+00   0.20146296E-35
  -0.22795592E+02   0.33975804E-06   0.69771741E-07   0.99999959E+00   0.22089974E-35
  -0.22772567E+02   0.34767202E-06   0.71396933E-07   0.99999958E+00   0.24221175E-35
  -0.22749541E+02   0.35577034E-06   0.73059981E-07   0.99999957E+00   0.26557990E-35
  -0.22726515E+02   0.36405729E-06   0.74761766E-07   0.99999956E+00   0.29120256E-35
  -0.22703489E+02   0.37253727E-06   0.76503190E-07   0.99999955E+00   0.31929726E-35
  -0.22680463E+02   0.38121478E-06   0.78285177E-07   0.99999954E+00   0.35010248E-35
  -0.22657437E+02   0.39009441E-06   0.80108673E-07   0.99999953E+00   0.38387973E-35
  -0.22634411E+02   0.39918087E-06   0.81974642E-07   0.99999952E+00   0.42091575E-35
  -0.22611386E+02   0.40847898E-06   0.83884076E-07   0.99999951E+00   0.46152494E-35
  -0.22588360E+02   0.41799367E-06   0.85837986E-07   0.99999950E+00   0.50605203E-35
  -0.22565334E+02   0.42772999E-06   0.87837409E-07   0.99999948E+00   0.55487501E-35
  -0.22542308E+02   0.43769310E-06   0.89883404E-07   0.99999947E+00   0.60840834E-35
  -0.22519282E+02   0.44788827E-06   0.91977056E-07   0.99999946E+00   0.66710647E-35
  -0.22496256E+02   0.45832093E-06   0.94119476E-07   0.99999945E+00   0.73146769E-35
  -0.22473231E+02   0.46899659E-06   0.96311799E-07   0.99999943E+00   0.80203836E-35
  -0.22450205E+02   0.47992091E-06   0.98555187E-07   0.99999942E+00   0.87941756E-35
  -0.22427179E+02   0.49109970E-06   0.10085083E-06   0.99999941E+00   0.96426217E-35
  -0.22404153E+02   0.50253887E-06   0.10319995E-06   0.99999939E+00   0.10572924E-34
  -0.22381127E+02   0.51424450E-06   0.10560378E-06   0.99999938E+00   0.11592981E-34
  -0.22358101E+02   0.52622279E-06   0.10806361E-06   0.99999937E+00   0.12711451E-34
  -0.22335075E+02   0.53848008E-06   0.11058073E-06   0.99999935E+00   0.13937828E-34
  -0.22312050E+02   0.55102289E-06   0.11315649E-06   0.99999934E+00   0.15282524E-34
  -0.22289024E+02   0.56385785E-06   0.11579224E-06   0.99999932E+00   0.16756955E-34
  -0.22265998E+02   0.57699178E-06   0.11848938E-06   0.99999930E+00   0.18373635E-34
  -0.22242972E+02   0.59043163E-06   0.12124935E-06   0.99999929E+00   0.20146290E-34
  -0.22219946E+02   0.60418454E-06   0.12407361E-06   0.99999927E+00   0.22089967E-34
  -0.22196920E+02   0.61825780E-06   0.12696365E-06   0.99999925E+00   0.24221167E-34
  -0.22173894E+02   0.63265886E-06   0.12992102E-06   0.99999924E+00   0.26557981E-34
  -0.22150869E+02   0.64739537E-06   0.13294726E-06   0.99999922E+00   0.29120247E-34
  -0.22127843E+02   0.66247513E-06   0.13604400E-06   0.99999920E+00   0.31929715E-34
  -0.22104817E+02   0.67790615E-06   0.13921287E-06   0.99999918E+00   0.35010235E-34
  -0.22081791E+02   0.69369660E-06   0.14245555E-06   0.99999916E+00   0.38387959E-34
  -0.22058765E+02   0.70985485E-06   0.14577376E-06   0.99999914E+00   0.42091559E-34
  -0.22035739E+02   0.72638948E-06   0.14916927E-06   0.99999912E+00   0.46152476E-34
  -0.22012713E+02   0.74330925E-06   0.15264386E-06   0.99999910E+00   0.50605183E-34
  -0.21989688E+02   0.76062313E-06   0.15619939E-06   0.99999908E+00   0.55487478E-34
  -0.21966662E+02   0.77834030E-06   0.15983774E-06   0.99999906E+00   0.60840809E-34
  -0.21943636E+02   0.79647016E-06   0.16356084E-06   0.99999904E+00   0.66710619E-34
  -0.21920610E+02   0.81502231E-06   0.16737065E-06   0.99999902E+00   0.73146737E-34
  -0.21897584E+02   0.83400660E-06   0.17126921E-06   0.99999899E+00   0.80203801E-34
  -0.21874558E+02   0.85343309E-06   0.17525858E-06   0.99999897E+00   0.87941717E-34
  -0.21851533E+02   0.87331208E-06   0.17934087E-06   0.99999895E+00   0.96426173E-34
  -0.21828507E+02   0.89365411E-06   0.18351826E-06   0.99999892E+00   0.10572919E-33
  -0.21805481E+02   0.91446997E-06   0.18779294E-06   0.99999890E+00   0.11592975E-33
  -0.21782455E+02   0.93577069E-06   0.19216719E-06   0.99999887E+00   0.12711444E-33
  -0.21759429E+02   0.95756756E-06   0.19664334E-06   0.99999885E+00   0.13937821E-33
  -0.21736403E+02   0.97987215E-06   0.20122374E-06   0.99999882E+00   0.15282516E-33
  -0.21713377E+02   0.10026963E-05   0.20591084E-06   0.99999879E+00   0.16756946E-33
  -0.21690352E+02   0.10260520E-05   0.21070712E-06   0.99999876E+00   0.18373625E-33
  -0.21667326E+02   0.10499518E-05   0.21561511E-06   0.99999873E+00   0.20146279E-33
  -0.21644300E+02   0.10744083E-05   0.22063742E-06   0.99999870E+00   0.22089955E-33
  -0.21621274E+02   0.10994345E-05   0.22577672E-06   0.99999867E+00   0.24221153E-33
  -0.21598248E+02   0.11250436E-05   0.23103573E-06   0.99999864E+00   0.26557965E-33
  -0.21575222E+02   0.11512492E-05   0.23641724E-06   0.99999861E+00   0.29120229E-33
  -0.21552196E+02   0.11780652E-05   0.24192409E-06   0.99999858E+00   0.31929695E-33
  -0.21529171E+02   0.12055058E-05   0.24755922E-06   0.99999855E+00   0.35010213E-33
  -0.21506145E+02   0.12335856E-05   0.25332561E-06   0.99999851E+00   0.38387934E-33
  -0.21483119E+02   0.12623194E-05   0.25922631E-06   0.99999848E+00   0.42091531E-33
  -0.21460093E+02   0.12917226E-05   0.26526446E-06   0.99999844E+00   0.46152445E-33
  -0.21437067E+02   0.13218106E-05   0.27144325E-06   0.99999841E+00   0.50605147E-33
  -0.21414041E+02   0.13525995E-05   0.27776597E-06   0.99999837E+00   0.55487439E-33
  -0.21391016E+02   0.13841055E-05   0.28423596E-06   0.99999833E+00   0.60840764E-33
  -0.21367990E+02   0.14163454E-05   0.29085665E-06   0.99999829E+00   0.66710569E-33
  -0.21344964E+02   0.14493363E-05   0.29763156E-06   0.99999825E+00   0.73146681E-33
  -0.21321938E+02   0.14830956E-05   0.30456428E-06   0.99999821E+00   0.80203738E-33
  -0.21298912E+02   0.15176413E-05   0.31165848E-06   0.99999817E+00   0.87941646E-33
  -0.21275886E+02   0.15529916E-05   0.31891792E-06   0.99999813E+00   0.96426094E-33
  -0.21252860E+02   0.15891654E-05   0.32634646E-06   0.99999808E+00   0.10572910E-32
  -0.21229835E+02   0.16261817E-05   0.33394803E-06   0.99999804E+00   0.11592965E-32
  -0.21206809E+02   0.16640603E-05   0.34172666E-06   0.99999799E+00   0.12711433E-32
  -0.21183783E+02   0.17028211E-05   0.34968649E-06   0.99999795E+00   0.13937809E-32
  -0.21160757E+02   0.17424849E-05   0.35783171E-06   0.99999790E+00   0.15282502E-32
  -0.21137731E+02   0.17830725E-05   0.36616667E-06   0.99999785E+00   0.16756930E-32
  -0.21114705E+02   0.18246055E-05   0.37469576E-06   0.99999780E+00   0.18373607E-32
  -0.21091679E+02   0.18671059E-05   0.38342353E-06   0.99999775E+00   0.20146259E-32
  -0.21068654E+02   0.19105963E-05   0.39235459E-06   0.99999770E+00   0.22089932E-32
  -0.21045628E+02   0.19550997E-05   0.40149368E-06   0.99999764E+00   0.24221128E-32
  -0.21022602E+02   0.20006397E-05   0.41084565E-06   0.99999759E+00   0.26557937E-32
  -0.20999576E+02   0.20472405E-05   0.42041545E-06   0.99999753E+00   0.29120197E-32
  -0.20976550E+02   0.20949267E-05   0.43020816E-06   0.99999747E+00   0.31929660E-32
  -0.20953524E+02   0.21437237E-05   0.44022897E-06   0.99999742E+00   0.35010174E-32
  -0.20930498E+02   0.21936573E-05   0.45048319E-06   0.99999736E+00   0.38387890E-32
  -0.20907473E+02   0.22447540E-05   0.46097626E-06   0.99999729E+00   0.42091481E-32
  -0.20884447E+02   0.22970409E-05   0.47171375E-06   0.99999723E+00   0.46152389E-32
  -0.20861421E+02   0.23505457E-05   0.48270134E-06   0.99999717E+00   0.50605085E-32
  -0.20838395E+02   0.24052968E-05   0.49394487E-06   0.99999710E+00   0.55487368E-32
  -0.20815369E+02   0.24613232E-05   0.50545029E-06   0.99999703E+00   0.60840685E-32
  -0.20792343E+02   0.25186546E-05   0.51722370E-06   0.99999696E+00   0.66710480E-32
  -0.20769318E+02   0.25773214E-05   0.52927136E-06   0.99999689E+00   0.73146582E-32
  -0.20746292E+02   0.26373547E-05   0.54159963E-06   0.99999682E+00   0.80203626E-32
  -0.20723266E+02   0.26987864E-05   0.55421506E-06   0.99999675E+00   0.87941521E-32
  -0.20700240E+02   0.27616490E-05   0.56712435E-06   0.99999667E+00   0.96425953E-32
  -0.20677214E+02   0.28259759E-05   0.58033433E-06   0.99999659E+00   0.10572895E-31
  -0.20654188E+02   0.28918011E-05   0.59385200E-06   0.99999651E+00   0.11592948E-31
  -0.20631162E+02   0.29591595E-05   0.60768454E-06   0.99999643E+00   0.12711413E-31
  -0.20608137E+02   0.30280869E-05   0.62183928E-06   0.99999635E+00   0.13937786E-31
  -0.20585111E+02   0.30986199E-05   0.63632373E-06   0.99999627E+00   0.15282477E-31
  -0.20562085E+02   0.31707957E-05   0.65114555E-06   0.99999618E+00   0.16756902E-31
  -0.20539059E+02   0.32446528E-05   0.66631262E-06   0.99999609E+00   0.18373576E-31
  -0.20516033E+02   0.33202301E-05   0.68183298E-06   0.99999600E+00   0.20146224E-31
  -0.20493007E+02   0.33975679E-05   0.69771484E-06   0.99999590E+00   0.22089893E-31
  -0.20469981E+02   0.34767071E-05   0.71396664E-06   0.99999581E+00   0.24221083E-31
  -0.20446956E+02   0.35576897E-05   0.73059699E-06   0.99999571E+00   0.26557887E-31
  -0.20423930E+02   0.36405586E-05   0.74761470E-06   0.99999561E+00   0.29120141E-31
  -0.20400904E+02   0.37253577E-05   0.76502881E-06   0.99999551E+00   0.31929597E-31
  -0.20377878E+02   0.38121320E-05   0.78284854E-06   0.99999541E+00   0.35010103E-31
  -0.20354852E+02   0.39009275E-05   0.80108334E-06   0.99999530E+00   0.38387811E-31
  -0.20331826E+02   0.39917914E-05   0.81974287E-06   0.99999519E+00   0.42091393E-31
  -0.20308801E+02   0.40847717E-05   0.83883704E-06   0.99999508E+00   0.46152289E-31
  -0.20285775E+02   0.41799178E-05   0.85837597E-06   0.99999496E+00   0.50604973E-31
  -0.20262749E+02   0.42772801E-05   0.87837001E-06   0.99999484E+00   0.55487243E-31
  -0.20239723E+02   0.43769102E-05   0.89882977E-06   0.99999472E+00   0.60840545E-31
  -0.20216697E+02   0.44788610E-05   0.91976609E-06   0.99999460E+00   0.66710323E-31
  -0.20193671E+02   0.45831865E-05   0.94119008E-06   0.99999448E+00   0.73146405E-31
  -0.20170645E+02   0.46899420E-05   0.96311309E-06   0.99999435E+00   0.80203428E-31
  -0.20147620E+02   0.47991841E-05   0.98554674E-06   0.99999422E+00   0.87941299E-31
  -0.20124594E+02   0.49109708E-05   0.10085029E-05   0.99999408E+00   0.96425703E-31
  -0.20101568E+02   0.50253613E-05   0.10319938E-05   0.99999394E+00   0.10572867E-30
  -0.20078542E+02   0.51424163E-05   0.10560319E-05   0.99999380E+00   0.11592916E-30
  -0.20055516E+02   0.52621978E-05   0.10806299E-05   0.99999366E+00   0.12711378E-30
  -0.20032490E+02   0.53847694E-05   0.11058009E-05   0.99999351E+00   0.13937747E-30
  -0.20009464E+02   0.55101959E-05   0.11315581E-05   0.99999336E+00   0.15282433E-30
  -0.19986439E+02   0.56385440E-05   0.11579153E-05   0.99999320E+00   0.16756852E-30
  -0.19963413E+02   0.57698817E-05   0.11848864E-05   0.99999305E+00   0.18373520E-30
  -0.19940387E+02   0.59042785E-05   0.12124858E-05   0.99999288E+00   0.20146161E-30
  -0.19917361E+02   0.60418058E-05   0.12407280E-05   0.99999272E+00   0.22089822E-30
  -0.19894335E+02   0.61825365E-05   0.12696280E-05   0.99999255E+00   0.24221004E-30
  -0.19871309E+02   0.63265452E-05   0.12992012E-05   0.99999237E+00   0.26557799E-30
  -0.19848284E+02   0.64739082E-05   0.13294633E-05   0.99999220E+00   0.29120042E-30
  -0.19825258E+02   0.66247037E-05   0.13604302E-05   0.99999201E+00   0.31929485E-30
  -0.19802232E+02   0.67790116E-05   0.13921185E-05   0.99999183E+00   0.35009978E-30
  -0.19779206E+02   0.69369137E-05   0.14245448E-05   0.99999164E+00   0.38387670E-30
  -0.19756180E+02   0.70984938E-05   0.14577264E-05   0.99999144E+00   0.42091235E-30
  -0.19733154E+02   0.72638376E-05   0.14916809E-05   0.99999124E+00   0.46152112E-30
  -0.19710128E+02   0.74330326E-05   0.15264263E-05   0.99999104E+00   0.50604775E-30
  -0.19687103E+02   0.76061685E-05   0.15619810E-05   0.99999083E+00   0.55487020E-30
  -0.19664077E+02   0.77833373E-05   0.15983639E-05   0.99999062E+00   0.60840295E-30
  -0.19641051E+02   0.79646328E-05   0.16355942E-05   0.99999040E+00   0.66710042E-30
  -0.19618025E+02   0.81501511E-05   0.16736917E-05   0.99999018E+00   0.73146091E-30
  -0.19594999E+02   0.83399906E-05   0.17126766E-05   0.99998995E+00   0.80203075E-30
  -0.19571973E+02   0.85342519E-05   0.17525696E-05   0.99998971E+00   0.87940903E-30
  -0.19548947E+02   0.87330381E-05   0.17933918E-05   0.99998947E+00   0.96425259E-30
  -0.19525922E+02   0.89364545E-05   0.18351648E-05   0.99998923E+00   0.10572817E-29
  -0.19502896E+02   0.91446090E-05   0.18779108E-05   0.99998898E+00   0.11592860E-29
  -0.19479870E+02   0.93576119E-05   0.19216524E-05   0.99998872E+00   0.12711315E-29
  -0.19456844E+02   0.95755761E-05   0.19664130E-05   0.99998846E+00   0.13937676E-29
  -0.19433818E+02   0.97986173E-05   0.20122161E-05   0.99998819E+00   0.15282354E-29
  -0.19410792E+02   0.10026854E-04   0.20590860E-05   0.99998791E+00   0.16756763E-29
  -0.19387766E+02   0.10260406E-04   0.21070477E-05   0.99998763E+00   0.18373421E-29
  -0.19364741E+02   0.10499399E-04   0.21561265E-05   0.99998734E+00   0.20146049E-29
  -0.19341715E+02   0.10743958E-04   0.22063485E-05   0.99998705E+00   0.22089697E-29
  -0.19318689E+02   0.10994214E-04   0.22577403E-05   0.99998675E+00   0.24220864E-29
  -0.19295663E+02   0.11250298E-04   0.23103291E-05   0.99998644E+00   0.26557641E-29
  -0.19272637E+02   0.11512348E-04   0.23641428E-05   0.99998612E+00   0.29119865E-29
  -0.19249611E+02   0.11780501E-04   0.24192100E-05   0.99998580E+00   0.31929287E-29
  -0.19226586E+02   0.12054900E-04   0.24755598E-05   0.99998547E+00   0.35009755E-29
  -0.19203560E+02   0.12335691E-04   0.25332222E-05   0.99998513E+00   0.38387420E-29
  -0.19180534E+02   0.12623021E-04   0.25922276E-05   0.99998478E+00   0.42090955E-29
  -0.19157508E+02   0.12917045E-04   0.26526074E-05   0.99998443E+00   0.46151798E-29
  -0.19134482E+02   0.13217917E-04   0.27143936E-05   0.99998407E+00   0.50604422E-29
  -0.19111456E+02   0.13525796E-04   0.27776189E-05   0.99998370E+00   0.55486625E-29
  -0.19088430E+02   0.13840847E-04   0.28423169E-05   0.99998332E+00   0.60839851E-29
  -0.19065405E+02   0.14163237E-04   0.29085218E-05   0.99998293E+00   0.66709544E-29
  -0.19042379E+02   0.14493135E-04   0.29762688E-05   0.99998253E+00   0.73145531E-29
  -0.19019353E+02   0.14830717E-04   0.30455938E-05   0.99998212E+00   0.80202448E-29
  -0.18996327E+02   0.15176163E-04   0.31165335E-05   0.99998171E+00   0.87940199E-29
  -0.18973301E+02   0.15529655E-04   0.31891255E-05   0.99998128E+00   0.96424469E-29
  -0.18950275E+02   0.15891380E-04   0.32634083E-05   0.99998085E+00   0.10572728E-28
  -0.18927249E+02   0.16261530E-04   0.33394214E-05   0.99998040E+00   0.11592761E-28
  -0.18904224E+02   0.16640302E-04   0.34172050E-05   0.99997994E+00   0.12711204E-28
  -0.18881198E+02   0.17027897E-04   0.34968003E-05   0.99997948E+00   0.13937551E-28
  -0.18858172E+02   0.17424519E-04   0.35782495E-05   0.99997900E+00   0.15282214E-28
  -0.18835146E+02   0.17830380E-04   0.36615958E-05   0.99997851E+00   0.16756606E-28
  -0.18812120E+02   0.18245693E-04   0.37468835E-05   0.99997801E+00   0.18373244E-28
  -0.18789094E+02   0.18670681E-04   0.38341576E-05   0.99997750E+00   0.20145851E-28
  -0.18766069E+02   0.19105567E-04   0.39234646E-05   0.99997697E+00   0.22089475E-28
  -0.18743043E+02   0.19550582E-04   0.40148517E-05   0.99997643E+00   0.24220614E-28
  -0.18720017E+02   0.20005963E-04   0.41083673E-05   0.99997589E+00   0.26557361E-28
  -0.18696991E+02   0.20471950E-04   0.42040611E-05   0.99997532E+00   0.29119551E-28
  -0.18673965E+02   0.20948791E-04   0.43019838E-05   0.99997475E+00   0.31928934E-28
  -0.18650939E+02   0.21436738E-04   0.44021873E-05   0.99997416E+00   0.35009359E-28
  -0.18627913E+02   0.21936051E-04   0.45047247E-05   0.99997356E+00   0.38386976E-28
  -0.18604888E+02   0.22446993E-04   0.46096504E-05   0.99997294E+00   0.42090456E-28
  -0.18581862E+02   0.22969836E-04   0.47170200E-05   0.99997231E+00   0.46151239E-28
  -0.18558836E+02   0.23504857E-04   0.48268904E-05   0.99997167E+00   0.50603794E-28
  -0.18535810E+02   0.24052340E-04   0.49393198E-05   0.99997101E+00   0.55485920E-28
  -0.18512784E+02   0.24612574E-04   0.50543680E-05   0.99997033E+00   0.60839061E-28
  -0.18489758E+02   0.25185857E-04   0.51720957E-05   0.99996964E+00   0.66708658E-28
  -0.18466732E+02   0.25772493E-04   0.52925656E-05   0.99996893E+00   0.73144537E-28
  -0.18443707E+02   0.26372793E-04   0.54158413E-05   0.99996821E+00   0.80201332E-28
  -0.18420681E+02   0.26987074E-04   0.55419884E-05   0.99996747E+00   0.87938947E-28
  -0.18397655E+02   0.27615663E-04   0.56710736E-05   0.99996671E+00   0.96423064E-28
  -0.18374629E+02   0.28258892E-04   0.58031654E-05   0.99996594E+00   0.10572571E-27
  -0.18351603E+02   0.28917103E-04   0.59383337E-05   0.99996514E+00   0.11592584E-27
  -0.18328577E+02   0.29590645E-04   0.60766504E-05   0.99996433E+00   0.12711005E-27
  -0.18305551E+02   0.30279875E-04   0.62181886E-05   0.99996350E+00   0.13937328E-27
  -0.18282526E+02   0.30985157E-04   0.63630234E-05   0.99996265E+00   0.15281964E-27
  -0.18259500E+02   0.31706867E-04   0.65112316E-05   0.99996178E+00   0.16756325E-27
  -0.18236474E+02   0.32445386E-04   0.66628917E-05   0.99996089E+00   0.18372929E-27
  -0.18213448E+02   0.33201106E-04   0.68180842E-05   0.99995998E+00   0.20145498E-27
  -0.18190422E+02   0.33974427E-04   0.69768913E-05   0.99995905E+00   0.22089079E-27
  -0.18167396E+02   0.34765760E-04   0.71393971E-05   0.99995809E+00   0.24220170E-27
  -0.18144371E+02   0.35575524E-04   0.73056879E-05   0.99995712E+00   0.26556862E-27
  -0.18121345E+02   0.36404148E-04   0.74758518E-05   0.99995612E+00   0.29118991E-27
  -0.18098319E+02   0.37252071E-04   0.76499789E-05   0.99995510E+00   0.31928307E-27
  -0.18075293E+02   0.38119744E-04   0.78281616E-05   0.99995405E+00   0.35008655E-27
  -0.18052267E+02   0.39007625E-04   0.80104944E-05   0.99995298E+00   0.38386186E-27
  -0.18029241E+02   0.39916185E-04   0.81970738E-05   0.99995189E+00   0.42089570E-27
  -0.18006215E+02   0.40845907E-04   0.83879987E-05   0.99995077E+00   0.46150244E-27
  -0.17983190E+02   0.41797282E-04   0.85833705E-05   0.99994962E+00   0.50602679E-27
  -0.17960164E+02   0.42770816E-04   0.87832926E-05   0.99994845E+00   0.55484669E-27
  -0.17937138E+02   0.43767024E-04   0.89878709E-05   0.99994725E+00   0.60837656E-27
  -0.17914112E+02   0.44786434E-04   0.91972140E-05   0.99994602E+00   0.66707082E-27
  -0.17891086E+02   0.45829586E-04   0.94114328E-05   0.99994476E+00   0.73142769E-27
  -0.17868060E+02   0.46897034E-04   0.96306409E-05   0.99994347E+00   0.80199348E-27
  -0.17845034E+02   0.47989343E-04   0.98549544E-05   0.99994216E+00   0.87936720E-27
  -0.17822009E+02   0.49107092E-04   0.10084492E-04   0.99994081E+00   0.96420567E-27
  -0.17798983E+02   0.50250874E-04   0.10319376E-04   0.99993943E+00   0.10572290E-26
  -0.17775957E+02   0.51421295E-04   0.10559730E-04   0.99993802E+00   0.11592269E-26
  -0.17752931E+02   0.52618975E-04   0.10805682E-04   0.99993658E+00   0.12710652E-26
  -0.17729905E+02   0.53844548E-04   0.11057363E-04   0.99993510E+00   0.13936933E-26
  -0.17706879E+02   0.55098666E-04   0.11314905E-04   0.99993359E+00   0.15281520E-26
  -0.17683854E+02   0.56381991E-04   0.11578445E-04   0.99993204E+00   0.16755827E-26
  -0.17660828E+02   0.57695205E-04   0.11848123E-04   0.99993046E+00   0.18372370E-26
  -0.17637802E+02   0.59039004E-04   0.12124081E-04   0.99992884E+00   0.20144870E-26
  -0.17614776E+02   0.60414098E-04   0.12406467E-04   0.99992718E+00   0.22088375E-26
  -0.17591750E+02   0.61821219E-04   0.12695429E-04   0.99992548E+00   0.24219380E-26
  -0.17568724E+02   0.63261110E-04   0.12991121E-04   0.99992375E+00   0.26555976E-26
  -0.17545698E+02   0.64734536E-04   0.13293699E-04   0.99992197E+00   0.29117997E-26
  -0.17522673E+02   0.66242276E-04   0.13603325E-04   0.99992015E+00   0.31927191E-26
  -0.17499647E+02   0.67785131E-04   0.13920161E-04   0.99991829E+00   0.35007404E-26
  -0.17476621E+02   0.69363918E-04   0.14244376E-04   0.99991639E+00   0.38384782E-26
  -0.17453595E+02   0.70979473E-04   0.14576142E-04   0.99991444E+00   0.42087994E-26
  -0.17430569E+02   0.72632652E-04   0.14915634E-04   0.99991245E+00   0.46148476E-26
  -0.17407543E+02   0.74324332E-04   0.15263033E-04   0.99991041E+00   0.50600694E-26
  -0.17384517E+02   0.76055410E-04   0.15618522E-04   0.99990833E+00   0.55482442E-26
  -0.17361492E+02   0.77826802E-04   0.15982290E-04   0.99990619E+00   0.60835158E-26
  -0.17338466E+02   0.79639447E-04   0.16354529E-04   0.99990401E+00   0.66704279E-26
  -0.17315440E+02   0.81494306E-04   0.16735438E-04   0.99990177E+00   0.73139624E-26
  -0.17292414E+02   0.83392361E-04   0.17125217E-04   0.99989948E+00   0.80195820E-26
  -0.17269388E+02   0.85334619E-04   0.17524074E-04   0.99989714E+00   0.87932762E-26
  -0.17246362E+02   0.87322108E-04   0.17932219E-04   0.99989475E+00   0.96416125E-26
  -0.17223336E+02   0.89355882E-04   0.18349869E-04   0.99989229E+00   0.10571792E-25
  -0.17200311E+02   0.91437019E-04   0.18777245E-04   0.99988979E+00   0.11591710E-25
  -0.17177285E+02   0.93566620E-04   0.19214574E-04   0.99988722E+00   0.12710025E-25
  -0.17154259E+02   0.95745815E-04   0.19662087E-04   0.99988459E+00   0.13936229E-25
  -0.17131233E+02   0.97975759E-04   0.20120022E-04   0.99988190E+00   0.15280730E-25
  -0.17108207E+02   0.10025763E-03   0.20588621E-04   0.99987915E+00   0.16754941E-25
  -0.17085181E+02   0.10259264E-03   0.21068132E-04   0.99987634E+00   0.18371376E-25
  -0.17062156E+02   0.10498203E-03   0.21558810E-04   0.99987346E+00   0.20143755E-25
  -0.17039130E+02   0.10742706E-03   0.22060914E-04   0.99987051E+00   0.22087123E-25
  -0.17016104E+02   0.10992903E-03   0.22574711E-04   0.99986750E+00   0.24217976E-25
  -0.16993078E+02   0.11248925E-03   0.23100472E-04   0.99986441E+00   0.26554400E-25
  -0.16970052E+02   0.11510910E-03   0.23638476E-04   0.99986125E+00   0.29116229E-25
  -0.16947026E+02   0.11778996E-03   0.24189009E-04   0.99985802E+00   0.31925207E-25
  -0.16924000E+02   0.12053324E-03   0.24752361E-04   0.99985471E+00   0.35005178E-25
  -0.16900975E+02   0.12334040E-03   0.25328832E-04   0.99985133E+00   0.38382284E-25
  -0.16877949E+02   0.12621293E-03   0.25918727E-04   0.99984787E+00   0.42085192E-25
  -0.16854923E+02   0.12915235E-03   0.26522358E-04   0.99984433E+00   0.46145332E-25
  -0.16831897E+02   0.13216022E-03   0.27140044E-04   0.99984070E+00   0.50597167E-25
  -0.16808871E+02   0.13523812E-03   0.27772114E-04   0.99983699E+00   0.55478484E-25
  -0.16785845E+02   0.13838770E-03   0.28418902E-04   0.99983319E+00   0.60830717E-25
  -0.16762819E+02   0.14161061E-03   0.29080750E-04   0.99982931E+00   0.66699296E-25
  -0.16739794E+02   0.14490857E-03   0.29758009E-04   0.99982533E+00   0.73134033E-25
  -0.16716768E+02   0.14828332E-03   0.30451039E-04   0.99982127E+00   0.80189546E-25
  -0.16693742E+02   0.15173665E-03   0.31160205E-04   0.99981710E+00   0.87925723E-25
  -0.16670716E+02   0.15527039E-03   0.31885883E-04   0.99981284E+00   0.96408227E-25
  -0.16647690E+02   0.15888641E-03   0.32628459E-04   0.99980849E+00   0.10570906E-24
  -0.16624664E+02   0.16258662E-03   0.33388324E-04   0.99980403E+00   0.11590716E-24
  -0.16601639E+02   0.16637299E-03   0.34165882E-04   0.99979946E+00   0.12708909E-24
  -0.16578613E+02   0.17024752E-03   0.34961544E-04   0.99979479E+00   0.13934977E-24
  -0.16555587E+02   0.17421226E-03   0.35775732E-04   0.99979001E+00   0.15279325E-24
  -0.16532561E+02   0.17826931E-03   0.36608877E-04   0.99978512E+00   0.16753365E-24
  -0.16509535E+02   0.18242083E-03   0.37461420E-04   0.99978012E+00   0.18369608E-24
  -0.16486509E+02   0.18666900E-03   0.38333812E-04   0.99977500E+00   0.20141771E-24
  -0.16463483E+02   0.19101608E-03   0.39226516E-04   0.99976976E+00   0.22084897E-24
  -0.16440458E+02   0.19546436E-03   0.40140003E-04   0.99976440E+00   0.24215478E-24
  -0.16417432E+02   0.20001622E-03   0.41074759E-04   0.99975891E+00   0.26551598E-24
  -0.16394406E+02   0.20467404E-03   0.42031277E-04   0.99975329E+00   0.29113085E-24
  -0.16371380E+02   0.20944031E-03   0.43010064E-04   0.99974755E+00   0.31921680E-24
  -0.16348354E+02   0.21431754E-03   0.44011638E-04   0.99974167E+00   0.35001220E-24
  -0.16325328E+02   0.21930832E-03   0.45036530E-04   0.99973566E+00   0.38377844E-24
  -0.16302302E+02   0.22441528E-03   0.46085282E-04   0.99972950E+00   0.42080210E-24
  -0.16279277E+02   0.22964114E-03   0.47158449E-04   0.99972320E+00   0.46139742E-24
  -0.16256251E+02   0.23498866E-03   0.48256599E-04   0.99971675E+00   0.50590894E-24
  -0.16233225E+02   0.24046066E-03   0.49380314E-04   0.99971016E+00   0.55471447E-24
  -0.16210199E+02   0.24606005E-03   0.50530188E-04   0.99970341E+00   0.60822821E-24
  -0.16187173E+02   0.25178978E-03   0.51706830E-04   0.99969650E+00   0.66690436E-24
  -0.16164147E+02   0.25765290E-03   0.52910863E-04   0.99968944E+00   0.73124092E-24
  -0.16141122E+02   0.26365250E-03   0.54142923E-04   0.99968220E+00   0.80178393E-24
  -0.16118096E+02   0.26979175E-03   0.55403664E-04   0.99967480E+00   0.87913209E-24
  -0.16095070E+02   0.27607392E-03   0.56693752E-04   0.99966723E+00   0.96394187E-24
  -0.16072044E+02   0.28250232E-03   0.58013869E-04   0.99965948E+00   0.10569330E-23
  -0.16049018E+02   0.28908035E-03   0.59364715E-04   0.99965155E+00   0.11588948E-23
  -0.16025992E+02   0.29581150E-03   0.60747004E-04   0.99964344E+00   0.12706926E-23
  -0.16002966E+02   0.30269932E-03   0.62161467E-04   0.99963514E+00   0.13932752E-23
  -0.15979941E+02   0.30974746E-03   0.63608853E-04   0.99962664E+00   0.15276829E-23
  -0.15956915E+02   0.31695965E-03   0.65089927E-04   0.99961795E+00   0.16750564E-23
  -0.15933889E+02   0.32433970E-03   0.66605474E-04   0.99960905E+00   0.18366465E-23
  -0.15910863E+02   0.33189152E-03   0.68156294E-04   0.99959995E+00   0.20138245E-23
  -0.15887837E+02   0.33961910E-03   0.69743208E-04   0.99959064E+00   0.22080940E-23
  -0.15864811E+02   0.34752653E-03   0.71367055E-04   0.99958111E+00   0.24211039E-23
  -0.15841785E+02   0.35561799E-03   0.73028695E-04   0.99957135E+00   0.26546617E-23
  -0.15818760E+02   0.36389777E-03   0.74729006E-04   0.99956137E+00   0.29107496E-23
  -0.15795734E+02   0.37237023E-03   0.76468887E-04   0.99955116E+00   0.31915409E-23
  -0.15772708E+02   0.38103986E-03   0.78249258E-04   0.99954071E+00   0.34994184E-23
  -0.15749682E+02   0.38991125E-03   0.80071061E-04   0.99953002E+00   0.38369949E-23
  -0.15726656E+02   0.39898908E-03   0.81935258E-04   0.99951908E+00   0.42071352E-23
  -0.15703630E+02   0.40827816E-03   0.83842836E-04   0.99950788E+00   0.46129804E-23
  -0.15680604E+02   0.41778339E-03   0.85794803E-04   0.99949642E+00   0.50579744E-23
  -0.15657579E+02   0.42750980E-03   0.87792191E-04   0.99948470E+00   0.55458936E-23
  -0.15634553E+02   0.43746253E-03   0.89836056E-04   0.99947270E+00   0.60808785E-23
  -0.15611527E+02   0.44764685E-03   0.91927477E-04   0.99946043E+00   0.66674687E-23
  -0.15588501E+02   0.45806812E-03   0.94067561E-04   0.99944786E+00   0.73106422E-23
  -0.15565475E+02   0.46873187E-03   0.96257438E-04   0.99943501E+00   0.80158567E-23
  -0.15542449E+02   0.47964373E-03   0.98498265E-04   0.99942186E+00   0.87890964E-23
  -0.15519424E+02   0.49080946E-03   0.10079123E-03   0.99940840E+00   0.96369228E-23
  -0.15496398E+02   0.50223496E-03   0.10313754E-03   0.99939463E+00   0.10566530E-22
  -0.15473372E+02   0.51392626E-03   0.10553843E-03   0.99938054E+00   0.11585807E-22
  -0.15450346E+02   0.52588956E-03   0.10799518E-03   0.99936612E+00   0.12703401E-22
  -0.15427320E+02   0.53813115E-03   0.11050908E-03   0.99935136E+00   0.13928797E-22
  -0.15404294E+02   0.55065752E-03   0.11308145E-03   0.99933626E+00   0.15272391E-22
  -0.15381268E+02   0.56347527E-03   0.11571367E-03   0.99932081E+00   0.16745585E-22
  -0.15358243E+02   0.57659117E-03   0.11840712E-03   0.99930500E+00   0.18360878E-22
  -0.15335217E+02   0.59001215E-03   0.12116321E-03   0.99928882E+00   0.20131977E-22
  -0.15312191E+02   0.60374530E-03   0.12398341E-03   0.99927227E+00   0.22073908E-22
  -0.15289165E+02   0.61779786E-03   0.12686920E-03   0.99925533E+00   0.24203148E-22
  -0.15266139E+02   0.63217726E-03   0.12982212E-03   0.99923800E+00   0.26537764E-22
  -0.15243113E+02   0.64689108E-03   0.13284370E-03   0.99922027E+00   0.29097563E-22
  -0.15220087E+02   0.66194708E-03   0.13593556E-03   0.99920212E+00   0.31904264E-22
  -0.15197062E+02   0.67735322E-03   0.13909932E-03   0.99918355E+00   0.34981680E-22
  -0.15174036E+02   0.69311762E-03   0.14233665E-03   0.99916455E+00   0.38355920E-22
  -0.15151010E+02   0.70924860E-03   0.14564927E-03   0.99914510E+00   0.42055611E-22
  -0.15127984E+02   0.72575467E-03   0.14903891E-03   0.99912521E+00   0.46112143E-22
  -0.15104958E+02   0.74264454E-03   0.15250736E-03   0.99910485E+00   0.50559929E-22
  -0.15081932E+02   0.75992711E-03   0.15605646E-03   0.99908402E+00   0.55436703E-22
  -0.15058907E+02   0.77761149E-03   0.15968807E-03   0.99906270E+00   0.60783840E-22
  -0.15035881E+02   0.79570702E-03   0.16340412E-03   0.99904089E+00   0.66646700E-22
  -0.15012855E+02   0.81422323E-03   0.16720656E-03   0.99901857E+00   0.73075021E-22
  -0.14989829E+02   0.83316988E-03   0.17109739E-03   0.99899573E+00   0.80123335E-22
  -0.14966803E+02   0.85255695E-03   0.17507866E-03   0.99897236E+00   0.87851435E-22
  -0.14943777E+02   0.87239467E-03   0.17915248E-03   0.99894845E+00   0.96324877E-22
  -0.14920751E+02   0.89269349E-03   0.18332098E-03   0.99892399E+00   0.10561554E-21
  -0.14897726E+02   0.91346410E-03   0.18758638E-03   0.99889895E+00   0.11580224E-21
  -0.14874700E+02   0.93471744E-03   0.19195090E-03   0.99887333E+00   0.12697137E-21
  -0.14851674E+02   0.95646470E-03   0.19641686E-03   0.99884712E+00   0.13921768E-21
  -0.14828648E+02   0.97871734E-03   0.20098660E-03   0.99882030E+00   0.15264506E-21
  -0.14805622E+02   0.10014871E-02   0.20566253E-03   0.99879285E+00   0.16736738E-21
  -0.14782596E+02   0.10247859E-02   0.21044710E-03   0.99876477E+00   0.18350952E-21
  -0.14759570E+02   0.10486261E-02   0.21534285E-03   0.99873603E+00   0.20120840E-21
  -0.14736545E+02   0.10730201E-02   0.22035234E-03   0.99870663E+00   0.22061413E-21
  -0.14713519E+02   0.10979809E-02   0.22547821E-03   0.99867654E+00   0.24189129E-21
  -0.14690493E+02   0.11235215E-02   0.23072316E-03   0.99864576E+00   0.26522035E-21
  -0.14667467E+02   0.11496554E-02   0.23608995E-03   0.99861425E+00   0.29079916E-21
  -0.14644441E+02   0.11763964E-02   0.24158139E-03   0.99858202E+00   0.31884465E-21
  -0.14621415E+02   0.12037584E-02   0.24720038E-03   0.99854904E+00   0.34959466E-21
  -0.14598389E+02   0.12317559E-02   0.25294987E-03   0.99851529E+00   0.38330996E-21
  -0.14575364E+02   0.12604036E-02   0.25883288E-03   0.99848076E+00   0.42027648E-21
  -0.14552338E+02   0.12897165E-02   0.26485250E-03   0.99844543E+00   0.46080769E-21
  -0.14529312E+02   0.13197101E-02   0.27101189E-03   0.99840928E+00   0.50524729E-21
  -0.14506286E+02   0.13504000E-02   0.27731429E-03   0.99837229E+00   0.55397211E-21
  -0.14483260E+02   0.13818025E-02   0.28376302E-03   0.99833443E+00   0.60739531E-21
  -0.14460234E+02   0.14139340E-02   0.29036144E-03   0.99829570E+00   0.66596988E-21
  -0.14437209E+02   0.14468113E-02   0.29711303E-03   0.99825608E+00   0.73019247E-21
  -0.14414183E+02   0.14804517E-02   0.30402133E-03   0.99821553E+00   0.80060760E-21
  -0.14391157E+02   0.15148729E-02   0.31108997E-03   0.99817404E+00   0.87781229E-21
  -0.14368131E+02   0.15500929E-02   0.31832265E-03   0.99813158E+00   0.96246110E-21
  -0.14345105E+02   0.15861302E-02   0.32572316E-03   0.99808815E+00   0.10552717E-20
  -0.14322079E+02   0.16230036E-02   0.33329538E-03   0.99804370E+00   0.11570309E-20
  -0.14299053E+02   0.16607325E-02   0.34104329E-03   0.99799822E+00   0.12686013E-20
  -0.14276028E+02   0.16993367E-02   0.34897094E-03   0.99795169E+00   0.13909288E-20
  -0.14253002E+02   0.17388364E-02   0.35708248E-03   0.99790408E+00   0.15250504E-20
  -0.14229976E+02   0.17792522E-02   0.36538216E-03   0.99785537E+00   0.16721028E-20
  -0.14206950E+02   0.18206054E-02   0.37387432E-03   0.99780552E+00   0.18333327E-20
  -0.14183924E+02   0.18629175E-02   0.38256342E-03   0.99775452E+00   0.20101066E-20
  -0.14160898E+02   0.19062108E-02   0.39145399E-03   0.99770234E+00   0.22039228E-20
  -0.14137872E+02   0.19505077E-02   0.40055069E-03   0.99764894E+00   0.24164240E-20
  -0.14114847E+02   0.19958316E-02   0.40985827E-03   0.99759431E+00   0.26494111E-20
  -0.14091821E+02   0.20422060E-02   0.41938160E-03   0.99753841E+00   0.29048587E-20
  -0.14068795E+02   0.20896553E-02   0.42912564E-03   0.99748122E+00   0.31849316E-20
  -0.14045769E+02   0.21382042E-02   0.43909550E-03   0.99742270E+00   0.34920032E-20
  -0.14022743E+02   0.21878780E-02   0.44929638E-03   0.99736283E+00   0.38286755E-20
  -0.13999717E+02   0.22387027E-02   0.45973359E-03   0.99730156E+00   0.41978014E-20
  -0.13976692E+02   0.22907048E-02   0.47041260E-03   0.99723888E+00   0.46025084E-20
  -0.13953666E+02   0.23439114E-02   0.48133896E-03   0.99717475E+00   0.50462256E-20
  -0.13930640E+02   0.23983503E-02   0.49251837E-03   0.99710913E+00   0.55327122E-20
  -0.13907614E+02   0.24540498E-02   0.50395666E-03   0.99704199E+00   0.60660898E-20
  -0.13884588E+02   0.25110390E-02   0.51565979E-03   0.99697330E+00   0.66508770E-20
  -0.13861562E+02   0.25693474E-02   0.52763385E-03   0.99690302E+00   0.72920275E-20
  -0.13838536E+02   0.26290056E-02   0.53988508E-03   0.99683111E+00   0.79949724E-20
  -0.13815511E+02   0.26900444E-02   0.55241984E-03   0.99675754E+00   0.87656659E-20
  -0.13792485E+02   0.27524957E-02   0.56524466E-03   0.99668226E+00   0.96106357E-20
  -0.13769459E+02   0.28163919E-02   0.57836620E-03   0.99660524E+00   0.10537038E-19
  -0.13746433E+02   0.28817663E-02   0.59179129E-03   0.99652644E+00   0.11552719E-19
  -0.13723407E+02   0.29486526E-02   0.60552688E-03   0.99644582E+00   0.12666280E-19
  -0.13700381E+02   0.30170858E-02   0.61958012E-03   0.99636333E+00   0.13887150E-19
  -0.13677355E+02   0.30871013E-02   0.63395830E-03   0.99627894E+00   0.15225667E-19
  -0.13654330E+02   0.31587353E-02   0.64866886E-03   0.99619260E+00   0.16693165E-19
  -0.13631304E+02   0.32320251E-02   0.66371943E-03   0.99610426E+00   0.18302069E-19
  -0.13608278E+02   0.33070085E-02   0.67911782E-03   0.99601387E+00   0.20065998E-19
  -0.13585252E+02   0.33837245E-02   0.69487199E-03   0.99592140E+00   0.21999887E-19
  -0.13562226E+02   0.34622126E-02   0.71099009E-03   0.99582680E+00   0.24120105E-19
  -0.13539200E+02   0.35425136E-02   0.72748046E-03   0.99573001E+00   0.26444599E-19
  -0.13516174E+02   0.36246688E-02   0.74435162E-03   0.99563098E+00   0.28993042E-19
  -0.13493149E+02   0.37087207E-02   0.76161229E-03   0.99552967E+00   0.31787004E-19
  -0.13470123E+02   0.37947128E-02   0.77927138E-03   0.99542602E+00   0.34850128E-19
  -0.13447097E+02   0.38826894E-02   0.79733799E-03   0.99531997E+00   0.38208334E-19
  -0.13424071E+02   0.39726957E-02   0.81582145E-03   0.99521148E+00   0.41890039E-19
  -0.13401045E+02   0.40647783E-02   0.83473126E-03   0.99510049E+00   0.45926392E-19
  -0.13378019E+02   0.41589845E-02   0.85407718E-03   0.99498694E+00   0.50351541E-19
  -0.13354994E+02   0.42553628E-02   0.87386915E-03   0.99487077E+00   0.55202921E-19
  -0.13331968E+02   0.43539628E-02   0.89411736E-03   0.99475192E+00   0.60521568E-19
  -0.13308942E+02   0.44548350E-02   0.91483219E-03   0.99463033E+00   0.66352469E-19
  -0.13285916E+02   0.45580314E-02   0.93602430E-03   0.99450594E+00   0.72744937E-19
  -0.13262890E+02   0.46636047E-02   0.95770454E-03   0.99437869E+00   0.79753031E-19
  -0.13239864E+02   0.47716093E-02   0.97988405E-03   0.99424851E+00   0.87436011E-19
  -0.13216838E+02   0.48821003E-02   0.10025742E-02   0.99411533E+00   0.95858837E-19
  -0.13193813E+02   0.49951343E-02   0.10257865E-02   0.99397908E+00   0.10509272E-18
  -0.13170787E+02   0.51107692E-02   0.10495330E-02   0.99383970E+00   0.11521572E-18
  -0.13147761E+02   0.52290639E-02   0.10738256E-02   0.99369711E+00   0.12631340E-18
  -0.13124735E+02   0.53500790E-02   0.10986769E-02   0.99355124E+00   0.13847955E-18
  -0.13101709E+02   0.54738761E-02   0.11240996E-02   0.99340202E+00   0.15181701E-18
  -0.13078683E+02   0.56005184E-02   0.11501065E-02   0.99324938E+00   0.16643846E-18
  -0.13055657E+02   0.57300702E-02   0.11767108E-02   0.99309322E+00   0.18246745E-18
  -0.13032632E+02   0.58625975E-02   0.12039263E-02   0.99293348E+00   0.20003940E-18
  -0.13009606E+02   0.59981676E-02   0.12317666E-02   0.99277007E+00   0.21930274E-18
  -0.12986580E+02   0.61368494E-02   0.12602459E-02   0.99260290E+00   0.24042019E-18
  -0.12963554E+02   0.62787132E-02   0.12893786E-02   0.99243191E+00   0.26357008E-18
  -0.12940528E+02   0.64238308E-02   0.13191795E-02   0.99225699E+00   0.28894791E-18
  -0.12917502E+02   0.65722757E-02   0.13496638E-02   0.99207806E+00   0.31676795E-18
  -0.12894477E+02   0.67241229E-02   0.13808467E-02   0.99189503E+00   0.34726507E-18
  -0.12871451E+02   0.68794490E-02   0.14127440E-02   0.99170781E+00   0.38069671E-18
  -0.12848425E+02   0.70383325E-02   0.14453719E-02   0.99151630E+00   0.41734503E-18
  -0.12825399E+02   0.72008534E-02   0.14787467E-02   0.99132040E+00   0.45751931E-18
  -0.12802373E+02   0.73670934E-02   0.15128852E-02   0.99112002E+00   0.50155855E-18
  -0.12779347E+02   0.75371360E-02   0.15478047E-02   0.99091506E+00   0.54983428E-18
  -0.12756321E+02   0.77110667E-02   0.15835226E-02   0.99070541E+00   0.60275375E-18
  -0.12733296E+02   0.78889726E-02   0.16200569E-02   0.99049097E+00   0.66076329E-18
  -0.12710270E+02   0.80709427E-02   0.16574257E-02   0.99027163E+00   0.72435210E-18
  -0.12687244E+02   0.82570680E-02   0.16956479E-02   0.99004728E+00   0.79405635E-18
  -0.12664218E+02   0.84474415E-02   0.17347424E-02   0.98981782E+00   0.87046368E-18
  -0.12641192E+02   0.86421580E-02   0.17747289E-02   0.98958311E+00   0.95421813E-18
  -0.12618166E+02   0.88413144E-02   0.18156271E-02   0.98934306E+00   0.10460256E-17
  -0.12595140E+02   0.90450099E-02   0.18574574E-02   0.98909753E+00   0.11466596E-17
  -0.12572115E+02   0.92533453E-02   0.19002406E-02   0.98884641E+00   0.12569680E-17
  -0.12549089E+02   0.94664240E-02   0.19439978E-02   0.98858958E+00   0.13778801E-17
  -0.12526063E+02   0.96843514E-02   0.19887507E-02   0.98832690E+00   0.15104140E-17
  -0.12503037E+02   0.99072352E-02   0.20345215E-02   0.98805824E+00   0.16556858E-17
  -0.12480011E+02   0.10135185E-01   0.20813327E-02   0.98778348E+00   0.18149186E-17
  -0.12456985E+02   0.10368314E-01   0.21292072E-02   0.98750248E+00   0.19894525E-17
  -0.12433960E+02   0.10606735E-01   0.21781688E-02   0.98721510E+00   0.21807565E-17
  -0.12410934E+02   0.10850566E-01   0.22282413E-02   0.98692119E+00   0.23904401E-17
  -0.12387908E+02   0.11099927E-01   0.22794493E-02   0.98662062E+00   0.26202672E-17
  -0.12364882E+02   0.11354939E-01   0.23318178E-02   0.98631324E+00   0.28721707E-17
  -0.12341856E+02   0.11615726E-01   0.23853723E-02   0.98599890E+00   0.31482689E-17
  -0.12318830E+02   0.11882416E-01   0.24401390E-02   0.98567745E+00   0.34508828E-17
  -0.12295804E+02   0.12155138E-01   0.24961443E-02   0.98534872E+00   0.37825558E-17
  -0.12272779E+02   0.12434024E-01   0.25534156E-02   0.98501256E+00   0.41460750E-17
  -0.12249753E+02   0.12719209E-01   0.26119804E-02   0.98466881E+00   0.45444944E-17
  -0.12226727E+02   0.13010831E-01   0.26718671E-02   0.98431730E+00   0.49811602E-17
  -0.12203701E+02   0.13309031E-01   0.27331045E-02   0.98395786E+00   0.54597391E-17
  -0.12180675E+02   0.13613951E-01   0.27957220E-02   0.98359033E+00   0.59842487E-17
  -0.12157649E+02   0.13925738E-01   0.28597497E-02   0.98321451E+00   0.65590912E-17
  -0.12134623E+02   0.14244540E-01   0.29252181E-02   0.98283024E+00   0.71890896E-17
  -0.12111598E+02   0.14570511E-01   0.29921585E-02   0.98243733E+00   0.78795287E-17
  -0.12088572E+02   0.14903805E-01   0.30606028E-02   0.98203559E+00   0.86361985E-17
  -0.12065546E+02   0.15244580E-01   0.31305834E-02   0.98162484E+00   0.94654426E-17
  -0.12042520E+02   0.15592998E-01   0.32021335E-02   0.98120487E+00   0.10374211E-16
  -0.12019494E+02   0.15949223E-01   0.32752869E-02   0.98077549E+00   0.11370118E-16
  -0.11996468E+02   0.16313423E-01   0.33500779E-02   0.98033650E+00   0.12461507E-16
  -0.11973442E+02   0.16685769E-01   0.34265419E-02   0.97988769E+00   0.13657515E-16
  -0.11950417E+02   0.17066435E-01   0.35047144E-02   0.97942885E+00   0.14968155E-16
  -0.11927391E+02   0.17455600E-01   0.35846321E-02   0.97895977E+00   0.16404395E-16
  -0.11904365E+02   0.17853443E-01   0.36663320E-02   0.97848023E+00   0.17978251E-16
  -0.11881339E+02   0.18260150E-01   0.37498522E-02   0.97799000E+00   0.19702884E-16
  -0.11858313E+02   0.18675909E-01   0.38352313E-02   0.97748886E+00   0.21592713E-16
  -0.11835287E+02   0.19100911E-01   0.39225085E-02   0.97697658E+00   0.23663530E-16
  -0.11812262E+02   0.19535352E-01   0.40117240E-02   0.97645292E+00   0.25932638E-16
  -0.11789236E+02   0.19979430E-01   0.41029187E-02   0.97591765E+00   0.28418985E-16
  -0.11766210E+02   0.20433349E-01   0.41961341E-02   0.97537052E+00   0.31143327E-16
  -0.11743184E+02   0.20897314E-01   0.42914127E-02   0.97481127E+00   0.34128400E-16
  -0.11720158E+02   0.21371536E-01   0.43887975E-02   0.97423967E+00   0.37399104E-16
  -0.11697132E+02   0.21856228E-01   0.44883326E-02   0.97365544E+00   0.40982711E-16
  -0.11674106E+02   0.22351609E-01   0.45900626E-02   0.97305833E+00   0.44909091E-16
  -0.11651081E+02   0.22857901E-01   0.46940332E-02   0.97244807E+00   0.49210956E-16
  -0.11628055E+02   0.23375328E-01   0.48002906E-02   0.97182438E+00   0.53924134E-16
  -0.11605029E+02   0.23904121E-01   0.49088821E-02   0.97118700E+00   0.59087858E-16
  -0.11582003E+02   0.24444514E-01   0.50198556E-02   0.97053563E+00   0.64745095E-16
  -0.11558977E+02   0.24996744E-01   0.51332600E-02   0.96987000E+00   0.70942896E-16
  -0.11535951E+02   0.25561054E-01   0.52491451E-02   0.96918980E+00   0.77732784E-16
  -0.11512925E+02   0.26137690E-01   0.53675613E-02   0.96849475E+00   0.85171179E-16
  -0.11489900E+02   0.26726901E-01   0.54885600E-02   0.96778454E+00   0.93319857E-16
  -0.11466874E+02   0.27328943E-01   0.56121937E-02   0.96705886E+00   0.10224646E-15
  -0.11443848E+02   0.27944074E-01   0.57385153E-02   0.96631741E+00   0.11202506E-15
  -0.11420822E+02   0.28572558E-01   0.58675790E-02   0.96555986E+00   0.12273674E-15
  -0.11397796E+02   0.29214662E-01   0.59994396E-02   0.96478590E+00   0.13447029E-15
  -0.11374770E+02   0.29870658E-01   0.61341530E-02   0.96399519E+00   0.14732290E-15
  -0.11351745E+02   0.30540822E-01   0.62717759E-02   0.96318740E+00   0.16140098E-15
  -0.11328719E+02   0.31225434E-01   0.64123659E-02   0.96236220E+00   0.17682104E-15
  -0.11305693E+02   0.31924779E-01   0.65559815E-02   0.96151924E+00   0.19371059E-15
  -0.11282667E+02   0.32639147E-01   0.67026821E-02   0.96065817E+00   0.21220923E-15
  -0.11259641E+02   0.33368832E-01   0.68525280E-02   0.95977864E+00   0.23246976E-15
  -0.11236615E+02   0.34114131E-01   0.70055805E-02   0.95888029E+00   0.25465944E-15
  -0.11213589E+02   0.34875348E-01   0.71619018E-02   0.95796275E+00   0.27896133E-15
  -0.11190564E+02   0.35652789E-01   0.73215548E-02   0.95702566E+00   0.30557581E-15
  -0.11167538E+02   0.36446766E-01   0.74846037E-02   0.95606863E+00   0.33472215E-15
  -0.11144512E+02   0.37257594E-01   0.76511132E-02   0.95509129E+00   0.36664036E-15
  -0.11121486E+02   0.38085596E-01   0.78211491E-02   0.95409326E+00   0.40159307E-15
  -0.11098460E+02   0.38931094E-01   0.79947782E-02   0.95307413E+00   0.43986769E-15
  -0.11075434E+02   0.39794418E-01   0.81720681E-02   0.95203351E+00   0.48177873E-15
  -0.11052408E+02   0.40675903E-01   0.83530872E-02   0.95097101E+00   0.52767032E-15
  -0.11029383E+02   0.41575886E-01   0.85379051E-02   0.94988621E+00   0.57791899E-15
  -0.11006357E+02   0.42494708E-01   0.87265919E-02   0.94877870E+00   0.63293675E-15
  -0.10983331E+02   0.43432718E-01   0.89192188E-02   0.94764806E+00   0.69317432E-15
  -0.10960305E+02   0.44390265E-01   0.91158579E-02   0.94649388E+00   0.75912483E-15
  -0.10937279E+02   0.45367704E-01   0.93165821E-02   0.94531571E+00   0.83132772E-15
  -0.10914253E+02   0.46365395E-01   0.95214651E-02   0.94411314E+00   0.91037312E-15
  -0.10891227E+02   0.47383701E-01   0.97305815E-02   0.94288572E+00   0.99690654E-15
  -0.10868202E+02   0.48422989E-01   0.99440068E-02   0.94163300E+00   0.10916340E-14
  -0.10845176E+02   0.49483631E-01   0.10161817E-01   0.94035455E+00   0.11953278E-14
  -0.10822150E+02   0.50566000E-01   0.10384089E-01   0.93904991E+00   0.13088325E-14
  -0.10799124E+02   0.51670477E-01   0.10610901E-01   0.93771862E+00   0.14330717E-14
  -0.10776098E+02   0.52797442E-01   0.10842332E-01   0.93636023E+00   0.15690556E-14
  -0.10753072E+02   0.53947283E-01   0.11078460E-01   0.93497426E+00   0.17178888E-14
  -0.10730047E+02   0.55120389E-01   0.11319366E-01   0.93356025E+00   0.18807789E-14
  -0.10707021E+02   0.56317153E-01   0.11565130E-01   0.93211772E+00   0.20590465E-14
  -0.10683995E+02   0.57537970E-01   0.11815833E-01   0.93064620E+00   0.22541354E-14
  -0.10660969E+02   0.58783239E-01   0.12071558E-01   0.92914520E+00   0.24676239E-14
  -0.10637943E+02   0.60053364E-01   0.12332387E-01   0.92761425E+00   0.27012377E-14
  -0.10614917E+02   0.61348747E-01   0.12598403E-01   0.92605285E+00   0.29568627E-14
  -0.10591891E+02   0.62669797E-01   0.12869691E-01   0.92446051E+00   0.32365607E-14
  -0.10568866E+02   0.64016924E-01   0.13146333E-01   0.92283674E+00   0.35425849E-14
  -0.10545840E+02   0.65390539E-01   0.13428414E-01   0.92118105E+00   0.38773980E-14
  -0.10522814E+02   0.66791057E-01   0.13716021E-01   0.91949292E+00   0.42436912E-14
  -0.10499788E+02   0.68218893E-01   0.14009237E-01   0.91777187E+00   0.46444055E-14
  -0.10476762E+02   0.69674465E-01   0.14308149E-01   0.91601739E+00   0.50827541E-14
  -0.10453736E+02   0.71158192E-01   0.14612843E-01   0.91422897E+00   0.55622482E-14
  -0.10430710E+02   0.72670493E-01   0.14923405E-01   0.91240610E+00   0.60867234E-14
  -0.10407685E+02   0.74211790E-01   0.15239921E-01   0.91054829E+00   0.66603702E-14
  -0.10384659E+02   0.75782505E-01   0.15562479E-01   0.90865502E+00   0.72877659E-14
  -0.10361633E+02   0.77383058E-01   0.15891164E-01   0.90672578E+00   0.79739104E-14
  -0.10338607E+02   0.79013873E-01   0.16226063E-01   0.90476006E+00   0.87242642E-14
  -0.10315581E+02   0.80675370E-01   0.16567264E-01   0.90275737E+00   0.95447911E-14
  -0.10292555E+02   0.82367972E-01   0.16914851E-01   0.90071718E+00   0.10442003E-13
  -0.10269530E+02   0.84092097E-01   0.17268913E-01   0.89863899E+00   0.11423012E-13
  -0.10246504E+02   0.85848166E-01   0.17629534E-01   0.89652230E+00   0.12495582E-13
  -0.10223478E+02   0.87636596E-01   0.17996801E-01   0.89436660E+00   0.13668189E-13
  -0.10200452E+02   0.89457802E-01   0.18370799E-01   0.89217140E+00   0.14950086E-13
  -0.10177426E+02   0.91312197E-01   0.18751612E-01   0.88993619E+00   0.16351374E-13
  -0.10154400E+02   0.93200193E-01   0.19139325E-01   0.88766048E+00   0.17883078E-13
  -0.10131374E+02   0.95122196E-01   0.19534022E-01   0.88534378E+00   0.19557229E-13
  -0.10108349E+02   0.97078610E-01   0.19935786E-01   0.88298560E+00   0.21386958E-13
  -0.10085323E+02   0.99069835E-01   0.20344698E-01   0.88058547E+00   0.23386590E-13
  -0.10062297E+02   0.10109627E+00   0.20760840E-01   0.87814289E+00   0.25571757E-13
  -0.10039271E+02   0.10315829E+00   0.21184293E-01   0.87565741E+00   0.27959514E-13
  -0.10016245E+02   0.10525631E+00   0.21615134E-01   0.87312856E+00   0.30568461E-13
  -0.99932193E+01   0.10739068E+00   0.22053443E-01   0.87055588E+00   0.33418891E-13
  -0.99701935E+01   0.10956178E+00   0.22499295E-01   0.86793892E+00   0.36532934E-13
  -0.99471676E+01   0.11176999E+00   0.22952766E-01   0.86527725E+00   0.39934722E-13
  -0.99241418E+01   0.11401565E+00   0.23413929E-01   0.86257042E+00   0.43650573E-13
  -0.99011159E+01   0.11629913E+00   0.23882857E-01   0.85981801E+00   0.47709177E-13
  -0.98780900E+01   0.11862076E+00   0.24359620E-01   0.85701962E+00   0.52141816E-13
  -0.98550642E+01   0.12098087E+00   0.24844286E-01   0.85417484E+00   0.56982587E-13
  -0.98320383E+01   0.12337979E+00   0.25336922E-01   0.85128329E+00   0.62268656E-13
  -0.98090125E+01   0.12581784E+00   0.25837591E-01   0.84834457E+00   0.68040528E-13
  -0.97859866E+01   0.12829531E+00   0.26346357E-01   0.84535834E+00   0.74342340E-13
  -0.97629608E+01   0.13081249E+00   0.26863280E-01   0.84232423E+00   0.81222187E-13
  -0.97399349E+01   0.13336967E+00   0.27388415E-01   0.83924191E+00   0.88732466E-13
  -0.97169091E+01   0.13596712E+00   0.27921819E-01   0.83611106E+00   0.96930255E-13
  -0.96938832E+01   0.13860508E+00   0.28463543E-01   0.83293138E+00   0.10587773E-12
  -0.96708574E+01   0.14128380E+00   0.29013637E-01   0.82970257E+00   0.11564259E-12
  -0.96478315E+01   0.14400350E+00   0.29572146E-01   0.82642436E+00   0.12629859E-12
  -0.96248057E+01   0.14676439E+00   0.30139115E-01   0.82309650E+00   0.13792600E-12
  -0.96017798E+01   0.14956666E+00   0.30714582E-01   0.81971876E+00   0.15061224E-12
  -0.95787540E+01   0.15241050E+00   0.31298585E-01   0.81629091E+00   0.16445245E-12
  -0.95557281E+01   0.15529606E+00   0.31891156E-01   0.81281278E+00   0.17955021E-12
  -0.95327023E+01   0.15822350E+00   0.32492325E-01   0.80928418E+00   0.19601822E-12
  -0.95096764E+01   0.16119292E+00   0.33102118E-01   0.80570496E+00   0.21397913E-12
  -0.94866506E+01   0.16420444E+00   0.33720555E-01   0.80207500E+00   0.23356640E-12
  -0.94636247E+01   0.16725815E+00   0.34347656E-01   0.79839419E+00   0.25492519E-12
  -0.94405989E+01   0.17035411E+00   0.34983434E-01   0.79466245E+00   0.27821342E-12
  -0.94175730E+01   0.17349237E+00   0.35627897E-01   0.79087974E+00   0.30360284E-12
  -0.93945472E+01   0.17667294E+00   0.36281051E-01   0.78704601E+00   0.33128022E-12
  -0.93715213E+01   0.17989584E+00   0.36942896E-01   0.78316126E+00   0.36144863E-12
  -0.93484955E+01   0.18316104E+00   0.37613428E-01   0.77922553E+00   0.39432886E-12
  -0.93254696E+01   0.18646849E+00   0.38292637E-01   0.77523887E+00   0.43016089E-12
  -0.93024438E+01   0.18981814E+00   0.38980510E-01   0.77120135E+00   0.46920558E-12
  -0.92794179E+01   0.19320988E+00   0.39677028E-01   0.76711310E+00   0.51174638E-12
  -0.92563921E+01   0.19664359E+00   0.40382166E-01   0.76297424E+00   0.55809131E-12
  -0.92333662E+01   0.20011915E+00   0.41095896E-01   0.75878496E+00   0.60857499E-12
  -0.92103404E+01   0.20363636E+00   0.41818182E-01   0.75454545E+00   0.66356091E-12
  -0.91873145E+01   0.20719505E+00   0.42548984E-01   0.75025596E+00   0.72344387E-12
  -0.91642887E+01   0.21079499E+00   0.43288257E-01   0.74591675E+00   0.78865261E-12
  -0.91412628E+01   0.21443593E+00   0.44035950E-01   0.74152812E+00   0.85965266E-12
  -0.91182370E+01   0.21811759E+00   0.44792005E-01   0.73709041E+00   0.93694942E-12
  -0.90952111E+01   0.22183966E+00   0.45556359E-01   0.73260398E+00   0.10210915E-11
  -0.90721853E+01   0.22560182E+00   0.46328946E-01   0.72806923E+00   0.11126743E-11
  -0.90491594E+01   0.22940370E+00   0.47109689E-01   0.72348661E+00   0.12123440E-11
  -0.90261336E+01   0.23324491E+00   0.47898509E-01   0.71885658E+00   0.13208018E-11
  -0.90031077E+01   0.23712503E+00   0.48695319E-01   0.71417965E+00   0.14388080E-11
  -0.89800819E+01   0.24104361E+00   0.49500026E-01   0.70945637E+00   0.15671879E-11
  -0.89570560E+01   0.24500016E+00   0.50312533E-01   0.70468730E+00   0.17068362E-11
  -0.89340302E+01   0.24899419E+00   0.51132735E-01   0.69987308E+00   0.18587230E-11
  -0.89110043E+01   0.25302515E+00   0.51960521E-01   0.69501433E+00   0.20239004E-11
  -0.88879785E+01   0.25709247E+00   0.52795775E-01   0.69011176E+00   0.22035089E-11
  -0.88649526E+01   0.26119555E+00   0.53638372E-01   0.68516608E+00   0.23987845E-11
  -0.88419268E+01   0.26533377E+00   0.54488186E-01   0.68017804E+00   0.26110669E-11
  -0.88189009E+01   0.26950647E+00   0.55345079E-01   0.67514845E+00   0.28418075E-11
  -0.87958751E+01   0.27371296E+00   0.56208912E-01   0.67007812E+00   0.30925792E-11
  -0.87728492E+01   0.27795253E+00   0.57079537E-01   0.66496793E+00   0.33650854E-11
  -0.87498234E+01   0.28222442E+00   0.57956801E-01   0.65981877E+00   0.36611714E-11
  -0.87267975E+01   0.28652787E+00   0.58840546E-01   0.65463158E+00   0.39828352E-11
  -0.87037717E+01   0.29086208E+00   0.59730605E-01   0.64940732E+00   0.43322406E-11
  -0.86807458E+01   0.29522621E+00   0.60626810E-01   0.64414698E+00   0.47117297E-11
  -0.86577199E+01   0.29961940E+00   0.61528983E-01   0.63885162E+00   0.51238380E-11
  -0.86346941E+01   0.30404077E+00   0.62436944E-01   0.63352229E+00   0.55713095E-11
  -0.86116682E+01   0.30848941E+00   0.63350504E-01   0.62816008E+00   0.60571136E-11
  -0.85886424E+01   0.31296439E+00   0.64269472E-01   0.62276614E+00   0.65844633E-11
  -0.85656165E+01   0.31746473E+00   0.65193650E-01   0.61734162E+00   0.71568340E-11
  -0.85425907E+01   0.32198946E+00   0.66122835E-01   0.61188771E+00   0.77779852E-11
  -0.85195648E+01   0.32653756E+00   0.67056820E-01   0.60640562E+00   0.84519828E-11
  -0.84965390E+01   0.33110800E+00   0.67995393E-01   0.60089661E+00   0.91832231E-11
  -0.84735131E+01   0.33569973E+00   0.68938337E-01   0.59536193E+00   0.99764596E-11
  -0.84504873E+01   0.34031166E+00   0.69885431E-01   0.58980291E+00   0.10836831E-10
  -0.84274614E+01   0.34494271E+00   0.70836449E-01   0.58422084E+00   0.11769891E-10
  -0.84044356E+01   0.34959175E+00   0.71791163E-01   0.57861708E+00   0.12781642E-10
  -0.83814097E+01   0.35425766E+00   0.72749340E-01   0.57299300E+00   0.13878570E-10
  -0.83583839E+01   0.35893927E+00   0.73710743E-01   0.56734999E+00   0.15067682E-10
  -0.83353580E+01   0.36363543E+00   0.74675132E-01   0.56168944E+00   0.16356548E-10
  -0.83123322E+01   0.36834494E+00   0.75642265E-01   0.55601279E+00   0.17753344E-10
  -0.82893063E+01   0.37306662E+00   0.76611895E-01   0.55032148E+00   0.19266900E-10
  -0.82662805E+01   0.37779925E+00   0.77583775E-01   0.54461697E+00   0.20906751E-10
  -0.82432546E+01   0.38254162E+00   0.78557654E-01   0.53890072E+00   0.22683191E-10
  -0.82202288E+01   0.38729249E+00   0.79533279E-01   0.53317423E+00   0.24607332E-10
  -0.81972029E+01   0.39205062E+00   0.80510396E-01   0.52743898E+00   0.26691170E-10
  -0.81741771E+01   0.39681477E+00   0.81488748E-01   0.52169648E+00   0.28947649E-10
  -0.81511512E+01   0.40158368E+00   0.82468078E-01   0.51594824E+00   0.31390738E-10
  -0.81281254E+01   0.40635610E+00   0.83448127E-01   0.51019577E+00   0.34035508E-10
  -0.81050995E+01   0.41113076E+00   0.84428637E-01   0.50444061E+00   0.36898221E-10
  -0.80820737E+01   0.41590639E+00   0.85409348E-01   0.49868426E+00   0.39996414E-10
  -0.80590478E+01   0.42068173E+00   0.86389998E-01   0.49292827E+00   0.43349003E-10
  -0.80360220E+01   0.42545552E+00   0.87370330E-01   0.48717415E+00   0.46976388E-10
  -0.80129961E+01   0.43022649E+00   0.88350083E-01   0.48142343E+00   0.50900565E-10
  -0.79899703E+01   0.43499338E+00   0.89328998E-01   0.47567762E+00   0.55145250E-10
  -0.79669444E+01   0.43975493E+00   0.90306817E-01   0.46993825E+00   0.59736006E-10
  -0.79439186E+01   0.44450990E+00   0.91283283E-01   0.46420682E+00   0.64700390E-10
  -0.79208927E+01   0.44925704E+00   0.92258142E-01   0.45848482E+00   0.70068101E-10
  -0.78978669E+01   0.45399511E+00   0.93231138E-01   0.45277376E+00   0.75871144E-10
  -0.78748410E+01   0.45872288E+00   0.94202021E-01   0.44707510E+00   0.82144003E-10
  -0.78518152E+01   0.46343915E+00   0.95170540E-01   0.44139031E+00   0.88923834E-10
  -0.78287893E+01   0.46814271E+00   0.96136449E-01   0.43572084E+00   0.96250661E-10
  -0.78057635E+01   0.47283236E+00   0.97099503E-01   0.43006814E+00   0.10416760E-09
  -0.77827376E+01   0.47750694E+00   0.98059460E-01   0.42443360E+00   0.11272108E-09
  -0.77597118E+01   0.48216528E+00   0.99016083E-01   0.41881864E+00   0.12196112E-09
  -0.77366859E+01   0.48680623E+00   0.99969137E-01   0.41322463E+00   0.13194155E-09
  -0.77136601E+01   0.49142868E+00   0.10091839E+00   0.40765293E+00   0.14272037E-09
  -0.76906342E+01   0.49603151E+00   0.10186361E+00   0.40210488E+00   0.15435998E-09
  -0.76676084E+01   0.50061364E+00   0.10280459E+00   0.39658177E+00   0.16692760E-09
  -0.76445825E+01   0.50517400E+00   0.10374109E+00   0.39108491E+00   0.18049553E-09
  -0.76215567E+01   0.50971154E+00   0.10467291E+00   0.38561555E+00   0.19514163E-09
  -0.75985308E+01   0.51422525E+00   0.10559983E+00   0.38017493E+00   0.21094967E-09
  -0.75755050E+01   0.51871411E+00   0.10652165E+00   0.37476424E+00   0.22800981E-09
  -0.75524791E+01   0.52317717E+00   0.10743817E+00   0.36938466E+00   0.24641903E-09
  -0.75294533E+01   0.52761346E+00   0.10834919E+00   0.36403735E+00   0.26628170E-09
  -0.75064274E+01   0.53202206E+00   0.10925453E+00   0.35872341E+00   0.28771010E-09
  -0.74834016E+01   0.53640208E+00   0.11015400E+00   0.35344393E+00   0.31082498E-09
  -0.74603757E+01   0.54075263E+00   0.11104741E+00   0.34819996E+00   0.33575624E-09
  -0.74373499E+01   0.54507288E+00   0.11193461E+00   0.34299252E+00   0.36264361E-09
  -0.74143240E+01   0.54936200E+00   0.11281541E+00   0.33782259E+00   0.39163732E-09
  -0.73912981E+01   0.55361921E+00   0.11368966E+00   0.33269113E+00   0.42289895E-09
  -0.73682723E+01   0.55784375E+00   0.11455720E+00   0.32759906E+00   0.45660223E-09
  -0.73452464E+01   0.56203488E+00   0.11541788E+00   0.32254725E+00   0.49293394E-09
  -0.73222206E+01   0.56619190E+00   0.11627155E+00   0.31753655E+00   0.53209492E-09
  -0.72991947E+01   0.57031414E+00   0.11711808E+00   0.31256778E+00   0.57430103E-09
  -0.72761689E+01   0.57440095E+00   0.11795734E+00   0.30764171E+00   0.61978435E-09
  -0.72531430E+01   0.57845172E+00   0.11878919E+00   0.30275909E+00   0.66879432E-09
  -0.72301172E+01   0.58246586E+00   0.11961353E+00   0.29792061E+00   0.72159902E-09
  -0.72070913E+01   0.58644282E+00   0.12043022E+00   0.29312695E+00   0.77848659E-09
  -0.71840655E+01   0.59038208E+00   0.12123918E+00   0.28837874E+00   0.83976666E-09
  -0.71610396E+01   0.59428313E+00   0.12204029E+00   0.28367658E+00   0.90577195E-09
  -0.71380138E+01   0.59814552E+00   0.12283345E+00   0.27902102E+00   0.97685997E-09
  -0.71149879E+01   0.60196880E+00   0.12361859E+00   0.27441261E+00   0.10534149E-08
  -0.70919621E+01   0.60575257E+00   0.12439562E+00   0.26985181E+00   0.11358493E-08
  -0.70689362E+01   0.60949645E+00   0.12516445E+00   0.26533910E+00   0.12246067E-08
  -0.70459104E+01   0.61320009E+00   0.12592502E+00   0.26087489E+00   0.13201633E-08
  -0.70228845E+01   0.61686317E+00   0.12667726E+00   0.25645957E+00   0.14230308E-08
  -0.69998587E+01   0.62048540E+00   0.12742111E+00   0.25209349E+00   0.15337586E-08
  -0.69768328E+01   0.62406651E+00   0.12815651E+00   0.24777698E+00   0.16529371E-08
  -0.69538070E+01   0.62760626E+00   0.12888343E+00   0.24351030E+00   0.17812002E-08
  -0.69307811E+01   0.63110446E+00   0.12960181E+00   0.23929373E+00   0.19192286E-08
  -0.69077553E+01   0.63456091E+00   0.13031161E+00   0.23512748E+00   0.20677535E-08
  -0.68847294E+01   0.63797545E+00   0.13101282E+00   0.23101173E+00   0.22275601E-08
  -0.68617036E+01   0.64134796E+00   0.13170538E+00   0.22694666E+00   0.23994913E-08
  -0.68386777E+01   0.64467832E+00   0.13238930E+00   0.22293237E+00   0.25844523E-08
  -0.68156519E+01   0.64796647E+00   0.13306454E+00   0.21896899E+00   0.27834152E-08
  -0.67926260E+01   0.65121233E+00   0.13373110E+00   0.21505656E+00   0.29974233E-08
  -0.67696002E+01   0.65441589E+00   0.13438898E+00   0.21119513E+00   0.32275969E-08
  -0.67465743E+01   0.65757711E+00   0.13503816E+00   0.20738472E+00   0.34751388E-08
  -0.67235485E+01   0.66069603E+00   0.13567865E+00   0.20362532E+00   0.37413398E-08
  -0.67005226E+01   0.66377267E+00   0.13631046E+00   0.19991687E+00   0.40275860E-08
  -0.66774968E+01   0.66680708E+00   0.13693360E+00   0.19625931E+00   0.43353650E-08
  -0.66544709E+01   0.66979935E+00   0.13754808E+00   0.19265256E+00   0.46662734E-08
  -0.66314451E+01   0.67274956E+00   0.13815393E+00   0.18909650E+00   0.50220252E-08
  -0.66084192E+01   0.67565784E+00   0.13875116E+00   0.18559099E+00   0.54044597E-08
  -0.65853934E+01   0.67852431E+00   0.13933981E+00   0.18213587E+00   0.58155510E-08
  -0.65623675E+01   0.68134913E+00   0.13991991E+00   0.17873096E+00   0.62574180E-08
  -0.65393417E+01   0.68413246E+00   0.14049149E+00   0.17537604E+00   0.67323341E-08
  -0.65163158E+01   0.68687450E+00   0.14105458E+00   0.17207091E+00   0.72427393E-08
  -0.64932900E+01   0.68957543E+00   0.14160924E+00   0.16881532E+00   0.77912518E-08
  -0.64702641E+01   0.69223549E+00   0.14215550E+00   0.16560900E+00   0.83806812E-08
  -0.64472383E+01   0.69485490E+00   0.14269342E+00   0.16245168E+00   0.90140421E-08
  -0.64242124E+01   0.69743390E+00   0.14322303E+00   0.15934305E+00   0.96945692E-08
  -0.64011866E+01   0.69997277E+00   0.14374441E+00   0.15628281E+00   0.10425733E-07
  -0.63781607E+01   0.70247176E+00   0.14425759E+00   0.15327063E+00   0.11211258E-07
  -0.63551349E+01   0.70493117E+00   0.14476265E+00   0.15030616E+00   0.12055138E-07
  -0.63321090E+01   0.70735129E+00   0.14525964E+00   0.14738905E+00   0.12961660E-07
  -0.63090832E+01   0.70973243E+00   0.14574862E+00   0.14451893E+00   0.13935422E-07
  -0.62860573E+01   0.71207491E+00   0.14622967E+00   0.14169540E+00   0.14981357E-07
  -0.62630315E+01   0.71437906E+00   0.14670284E+00   0.13891809E+00   0.16104757E-07
  -0.62400056E+01   0.71664520E+00   0.14716821E+00   0.13618657E+00   0.17311299E-07
  -0.62169798E+01   0.71887370E+00   0.14762585E+00   0.13350043E+00   0.18607073E-07
  -0.61939539E+01   0.72106490E+00   0.14807583E+00   0.13085925E+00   0.19998610E-07
  -0.61709280E+01   0.72321917E+00   0.14851822E+00   0.12826259E+00   0.21492918E-07
  -0.61479022E+01   0.72533687E+00   0.14895311E+00   0.12571000E+00   0.23097513E-07
  -0.61248763E+01   0.72741838E+00   0.14938056E+00   0.12320103E+00   0.24820455E-07
  -0.61018505E+01   0.72946409E+00   0.14980066E+00   0.12073522E+00   0.26670391E-07
  -0.60788246E+01   0.73147438E+00   0.15021349E+00   0.11831211E+00   0.28656594E-07
  -0.60557988E+01   0.73344964E+00   0.15061912E+00   0.11593121E+00   0.30789012E-07
  -0.60327729E+01   0.73539027E+00   0.15101764E+00   0.11359205E+00   0.33078312E-07
  -0.60097471E+01   0.73729667E+00   0.15140914E+00   0.11129415E+00   0.35535934E-07
  -0.59867212E+01   0.73916926E+00   0.15179369E+00   0.10903702E+00   0.38174148E-07
  -0.59636954E+01   0.74100843E+00   0.15217137E+00   0.10682016E+00   0.41006113E-07
  -0.59406695E+01   0.74281460E+00   0.15254228E+00   0.10464308E+00   0.44045941E-07
  -0.59176437E+01   0.74458818E+00   0.15290650E+00   0.10250527E+00   0.47308763E-07
  -0.58946178E+01   0.74632959E+00   0.15326411E+00   0.10040625E+00   0.50810810E-07
  -0.58715920E+01   0.74803925E+00   0.15361520E+00   0.98345493E-01   0.54569484E-07
  -0.58485661E+01   0.74971758E+00   0.15395986E+00   0.96322505E-01   0.58603446E-07
  -0.58255403E+01   0.75136499E+00   0.15429817E+00   0.94336776E-01   0.62932708E-07
  -0.58025144E+01   0.75298192E+00   0.15463022E+00   0.92387799E-01   0.67578727E-07
  -0.57794886E+01   0.75456877E+00   0.15495609E+00   0.90475065E-01   0.72564514E-07
  -0.57564627E+01   0.75612599E+00   0.15527587E+00   0.88598065E-01   0.77914740E-07
  -0.57334369E+01   0.75765397E+00   0.15558965E+00   0.86756291E-01   0.83655859E-07
  -0.57104110E+01   0.75915315E+00   0.15589752E+00   0.84949235E-01   0.89816238E-07
  -0.56873852E+01   0.76062395E+00   0.15619956E+00   0.83176391E-01   0.96426290E-07
  -0.56643593E+01   0.76206679E+00   0.15649586E+00   0.81437252E-01   0.10351862E-06
  -0.56413335E+01   0.76348208E+00   0.15678650E+00   0.79731314E-01   0.11112821E-06
  -0.56183076E+01   0.76487024E+00   0.15707157E+00   0.78058075E-01   0.11929252E-06
  -0.55952818E+01   0.76623169E+00   0.15735115E+00   0.76417035E-01   0.12805176E-06
  -0.55722559E+01   0.76756683E+00   0.15762533E+00   0.74807695E-01   0.13744902E-06
  -0.55492301E+01   0.76887609E+00   0.15789420E+00   0.73229561E-01   0.14753050E-06
  -0.55262042E+01   0.77015987E+00   0.15815783E+00   0.71682140E-01   0.15834573E-06
  -0.55031784E+01   0.77141857E+00   0.15841631E+00   0.70164941E-01   0.16994780E-06
  -0.54801525E+01   0.77265261E+00   0.15866973E+00   0.68677480E-01   0.18239366E-06
  -0.54571267E+01   0.77386237E+00   0.15891816E+00   0.67219272E-01   0.19574433E-06
  -0.54341008E+01   0.77504826E+00   0.15916170E+00   0.65789838E-01   0.21006524E-06
  -0.54110750E+01   0.77621067E+00   0.15940040E+00   0.64388703E-01   0.22542655E-06
  -0.53880491E+01   0.77734999E+00   0.15963437E+00   0.63015396E-01   0.24190345E-06
  -0.53650233E+01   0.77846661E+00   0.15986368E+00   0.61669449E-01   0.25957655E-06
  -0.53419974E+01   0.77956092E+00   0.16008840E+00   0.60350397E-01   0.27853227E-06
  -0.53189716E+01   0.78063329E+00   0.16030862E+00   0.59057784E-01   0.29886326E-06
  -0.52959457E+01   0.78168411E+00   0.16052442E+00   0.57791153E-01   0.32066883E-06
  -0.52729199E+01   0.78271374E+00   0.16073586E+00   0.56550055E-01   0.34405543E-06
  -0.52498940E+01   0.78372256E+00   0.16094303E+00   0.55334045E-01   0.36913720E-06
  -0.52268682E+01   0.78471093E+00   0.16114599E+00   0.54142683E-01   0.39603645E-06
  -0.52038423E+01   0.78567921E+00   0.16134484E+00   0.52975533E-01   0.42488433E-06
  -0.51808165E+01   0.78662775E+00   0.16153963E+00   0.51832164E-01   0.45582141E-06
  -0.51577906E+01   0.78755692E+00   0.16173044E+00   0.50712150E-01   0.48899837E-06
  -0.51347648E+01   0.78846706E+00   0.16191734E+00   0.49615072E-01   0.52457672E-06
  -0.51117389E+01   0.78935851E+00   0.16210041E+00   0.48540514E-01   0.56272960E-06
  -0.50887131E+01   0.79023162E+00   0.16227971E+00   0.47488066E-01   0.60364258E-06
  -0.50656872E+01   0.79108672E+00   0.16245531E+00   0.46457322E-01   0.64751459E-06
  -0.50426614E+01   0.79192414E+00   0.16262728E+00   0.45447883E-01   0.69455884E-06
  -0.50196355E+01   0.79274421E+00   0.16279569E+00   0.44459355E-01   0.74500389E-06
  -0.49966097E+01   0.79354726E+00   0.16296060E+00   0.43491348E-01   0.79909471E-06
  -0.49735838E+01   0.79433359E+00   0.16312208E+00   0.42543479E-01   0.85709387E-06
  -0.49505579E+01   0.79510352E+00   0.16328019E+00   0.41615369E-01   0.91928281E-06
  -0.49275321E+01   0.79585737E+00   0.16343500E+00   0.40706646E-01   0.98596320E-06
  -0.49045062E+01   0.79659544E+00   0.16358656E+00   0.39816941E-01   0.10574584E-05
  -0.48814804E+01   0.79731802E+00   0.16373495E+00   0.38945892E-01   0.11341149E-05
  -0.48584545E+01   0.79802542E+00   0.16388022E+00   0.38093142E-01   0.12163041E-05
  -0.48354287E+01   0.79871792E+00   0.16402243E+00   0.37258340E-01   0.13044243E-05
  -0.48124028E+01   0.79939582E+00   0.16416164E+00   0.36441139E-01   0.13989021E-05
  -0.47893770E+01   0.80005939E+00   0.16429791E+00   0.35641199E-01   0.15001949E-05
  -0.47663511E+01   0.80070891E+00   0.16443129E+00   0.34858182E-01   0.16087928E-05
  -0.47433253E+01   0.80134466E+00   0.16456185E+00   0.34091760E-01   0.17252213E-05
  -0.47202994E+01   0.80196691E+00   0.16468963E+00   0.33341607E-01   0.18500434E-05
  -0.46972736E+01   0.80257592E+00   0.16481470E+00   0.32607402E-01   0.19838626E-05
  -0.46742477E+01   0.80317195E+00   0.16493710E+00   0.31888831E-01   0.21273257E-05
  -0.46512219E+01   0.80375525E+00   0.16505688E+00   0.31185585E-01   0.22811260E-05
  -0.46281960E+01   0.80432609E+00   0.16517411E+00   0.30497359E-01   0.24460065E-05
  -0.46051702E+01   0.80488470E+00   0.16528882E+00   0.29823853E-01   0.26227635E-05
  -0.45821443E+01   0.80543134E+00   0.16540108E+00   0.29164773E-01   0.28122504E-05
  -0.45591185E+01   0.80596623E+00   0.16551092E+00   0.28519829E-01   0.30153818E-05
  -0.45360926E+01   0.80648962E+00   0.16561840E+00   0.27888738E-01   0.32331380E-05
  -0.45130668E+01   0.80700174E+00   0.16572357E+00   0.27271219E-01   0.34665697E-05
  -0.44900409E+01   0.80750281E+00   0.16582647E+00   0.26666997E-01   0.37168027E-05
  -0.44670151E+01   0.80799306E+00   0.16592715E+00   0.26075804E-01   0.39850437E-05
  -0.44439892E+01   0.80847271E+00   0.16602565E+00   0.25497373E-01   0.42725861E-05
  -0.44209634E+01   0.80894196E+00   0.16612201E+00   0.24931444E-01   0.45808158E-05
  -0.43979375E+01   0.80940104E+00   0.16621629E+00   0.24377762E-01   0.49112181E-05
  -0.43749117E+01   0.80985015E+00   0.16630851E+00   0.23836075E-01   0.52653849E-05
  -0.43518858E+01   0.81028949E+00   0.16639873E+00   0.23306136E-01   0.56450223E-05
  -0.43288600E+01   0.81071925E+00   0.16648699E+00   0.22787704E-01   0.60519586E-05
  -0.43058341E+01   0.81113965E+00   0.16657332E+00   0.22280540E-01   0.64881531E-05
  -0.42828083E+01   0.81155087E+00   0.16665777E+00   0.21784411E-01   0.69557058E-05
  -0.42597824E+01   0.81195309E+00   0.16674037E+00   0.21299088E-01   0.74568670E-05
  -0.42367566E+01   0.81234650E+00   0.16682116E+00   0.20824347E-01   0.79940484E-05
  -0.42137307E+01   0.81273129E+00   0.16690018E+00   0.20359966E-01   0.85698346E-05
  -0.41907049E+01   0.81310762E+00   0.16697746E+00   0.19905730E-01   0.91869953E-05
  -0.41676790E+01   0.81347568E+00   0.16705304E+00   0.19461426E-01   0.98484988E-05
  -0.41446532E+01   0.81383564E+00   0.16712696E+00   0.19026845E-01   0.10557526E-04
  -0.41216273E+01   0.81418765E+00   0.16719925E+00   0.18601783E-01   0.11317486E-04
  -0.40986015E+01   0.81453189E+00   0.16726994E+00   0.18186041E-01   0.12132032E-04
  -0.40755756E+01   0.81486851E+00   0.16733907E+00   0.17779421E-01   0.13005079E-04
  -0.40525498E+01   0.81519767E+00   0.16740666E+00   0.17381730E-01   0.13940822E-04
  -0.40295239E+01   0.81551952E+00   0.16747276E+00   0.16992780E-01   0.14943758E-04
  -0.40064981E+01   0.81583421E+00   0.16753738E+00   0.16612385E-01   0.16018704E-04
  -0.39834722E+01   0.81614190E+00   0.16760057E+00   0.16240364E-01   0.17170824E-04
  -0.39604464E+01   0.81644271E+00   0.16766234E+00   0.15876537E-01   0.18405651E-04
  -0.39374205E+01   0.81673680E+00   0.16772274E+00   0.15520732E-01   0.19729114E-04
  -0.39143947E+01   0.81702430E+00   0.16778178E+00   0.15172776E-01   0.21147568E-04
  -0.38913688E+01   0.81730534E+00   0.16783949E+00   0.14832502E-01   0.22667822E-04
  -0.38683430E+01   0.81758005E+00   0.16789590E+00   0.14499745E-01   0.24297173E-04
  -0.38453171E+01   0.81784857E+00   0.16795105E+00   0.14174344E-01   0.26043441E-04
  -0.38222913E+01   0.81811101E+00   0.16800494E+00   0.13856141E-01   0.27915004E-04
  -0.37992654E+01   0.81836749E+00   0.16805761E+00   0.13544982E-01   0.29920843E-04
  -0.37762396E+01   0.81861813E+00   0.16810908E+00   0.13240715E-01   0.32070580E-04
  -0.37532137E+01   0.81886306E+00   0.16815938E+00   0.12943191E-01   0.34374528E-04
  -0.37301879E+01   0.81910237E+00   0.16820852E+00   0.12652264E-01   0.36843734E-04
  -0.37071620E+01   0.81933618E+00   0.16825654E+00   0.12367793E-01   0.39490042E-04
  -0.36841361E+01   0.81956459E+00   0.16830344E+00   0.12089637E-01   0.42326138E-04
  -0.36611103E+01   0.81978771E+00   0.16834926E+00   0.11817660E-01   0.45365621E-04
  -0.36380844E+01   0.82000564E+00   0.16839401E+00   0.11551727E-01   0.48623061E-04
  -0.36150586E+01   0.82021846E+00   0.16843772E+00   0.11291707E-01   0.52114071E-04
  -0.35920327E+01   0.82042628E+00   0.16848040E+00   0.11037473E-01   0.55855381E-04
  -0.35690069E+01   0.82062918E+00   0.16852206E+00   0.10788897E-01   0.59864921E-04
  -0.35459810E+01   0.82082724E+00   0.16856274E+00   0.10545856E-01   0.64161901E-04
  -0.35229552E+01   0.82102057E+00   0.16860244E+00   0.10308230E-01   0.68766908E-04
  -0.34999293E+01   0.82120922E+00   0.16864118E+00   0.10075901E-01   0.73702000E-04
  -0.34769035E+01   0.82139328E+00   0.16867898E+00   0.98487524E-02   0.78990817E-04
  -0.34538776E+01   0.82157282E+00   0.16871585E+00   0.96266712E-02   0.84658686E-04
  -0.34308518E+01   0.82174792E+00   0.16875180E+00   0.94095463E-02   0.90732750E-04
  -0.34078259E+01   0.82191863E+00   0.16878686E+00   0.91972692E-02   0.97242090E-04
  -0.33848001E+01   0.82208502E+00   0.16882103E+00   0.89897333E-02   0.10421787E-03
  -0.33617742E+01   0.82224715E+00   0.16885432E+00   0.87868346E-02   0.11169348E-03
  -0.33387484E+01   0.82240507E+00   0.16888676E+00   0.85884710E-02   0.11970471E-03
  -0.33157225E+01   0.82255884E+00   0.16891833E+00   0.83945428E-02   0.12828989E-03
  -0.32926967E+01   0.82270849E+00   0.16894907E+00   0.82049522E-02   0.13749010E-03
  -0.32696708E+01   0.82285408E+00   0.16897896E+00   0.80196036E-02   0.14734937E-03
  -0.32466450E+01   0.82299565E+00   0.16900803E+00   0.78384034E-02   0.15791486E-03
  -0.32236191E+01   0.82313322E+00   0.16903629E+00   0.76612600E-02   0.16923711E-03
  -0.32005933E+01   0.82326682E+00   0.16906372E+00   0.74880837E-02   0.18137026E-03
  -0.31775674E+01   0.82339649E+00   0.16909035E+00   0.73187866E-02   0.19437234E-03
  -0.31545416E+01   0.82352224E+00   0.16911617E+00   0.71532830E-02   0.20830553E-03
  -0.31315157E+01   0.82364408E+00   0.16914119E+00   0.69914886E-02   0.22323642E-03
  -0.31084899E+01   0.82376203E+00   0.16916542E+00   0.68333213E-02   0.23923638E-03
  -0.30854640E+01   0.82387608E+00   0.16918884E+00   0.66787005E-02   0.25638190E-03
  -0.30624382E+01   0.82398624E+00   0.16921146E+00   0.65275474E-02   0.27475488E-03
  -0.30394123E+01   0.82409249E+00   0.16923328E+00   0.63797848E-02   0.29444312E-03
  -0.30163865E+01   0.82419483E+00   0.16925429E+00   0.62353374E-02   0.31554067E-03
  -0.29933606E+01   0.82429322E+00   0.16927450E+00   0.60941312E-02   0.33814828E-03
  -0.29703348E+01   0.82438764E+00   0.16929389E+00   0.59560940E-02   0.36237392E-03
  -0.29473089E+01   0.82447805E+00   0.16931246E+00   0.58211551E-02   0.38833323E-03
  -0.29242831E+01   0.82456441E+00   0.16933019E+00   0.56892453E-02   0.41615014E-03
  -0.29012572E+01   0.82464666E+00   0.16934708E+00   0.55602969E-02   0.44595739E-03
  -0.28782314E+01   0.82472474E+00   0.16936312E+00   0.54342435E-02   0.47789720E-03
  -0.28552055E+01   0.82479858E+00   0.16937828E+00   0.53110205E-02   0.51212192E-03
  -0.28321797E+01   0.82486809E+00   0.16939255E+00   0.51905643E-02   0.54879477E-03
  -0.28091538E+01   0.82493318E+00   0.16940592E+00   0.50728129E-02   0.58809059E-03
  -0.27861280E+01   0.82499374E+00   0.16941836E+00   0.49577055E-02   0.63019668E-03
  -0.27631021E+01   0.82504966E+00   0.16942984E+00   0.48451828E-02   0.67531369E-03
  -0.27400763E+01   0.82510081E+00   0.16944035E+00   0.47351865E-02   0.72365651E-03
  -0.27170504E+01   0.82514705E+00   0.16944984E+00   0.46276598E-02   0.77545537E-03
  -0.26940246E+01   0.82518820E+00   0.16945829E+00   0.45225470E-02   0.83095685E-03
  -0.26709987E+01   0.82522411E+00   0.16946567E+00   0.44197936E-02   0.89042505E-03
  -0.26479729E+01   0.82525459E+00   0.16947192E+00   0.43193463E-02   0.95414287E-03
  -0.26249470E+01   0.82527941E+00   0.16947702E+00   0.42211529E-02   0.10224133E-02
  -0.26019212E+01   0.82529836E+00   0.16948091E+00   0.41251625E-02   0.10955607E-02
  -0.25788953E+01   0.82531119E+00   0.16948355E+00   0.40313250E-02   0.11739327E-02
  -0.25558695E+01   0.82531764E+00   0.16948487E+00   0.39395916E-02   0.12579014E-02
  -0.25328436E+01   0.82531740E+00   0.16948482E+00   0.38499144E-02   0.13478652E-02
  -0.25098178E+01   0.82531016E+00   0.16948334E+00   0.37622467E-02   0.14442509E-02
  -0.24867919E+01   0.82529560E+00   0.16948035E+00   0.36765426E-02   0.15475154E-02
  -0.24637660E+01   0.82527332E+00   0.16947577E+00   0.35927573E-02   0.16581479E-02
  -0.24407402E+01   0.82524295E+00   0.16946953E+00   0.35108469E-02   0.17766721E-02
  -0.24177143E+01   0.82520404E+00   0.16946154E+00   0.34307685E-02   0.19036487E-02
  -0.23946885E+01   0.82515614E+00   0.16945171E+00   0.33524801E-02   0.20396779E-02
  -0.23716626E+01   0.82509874E+00   0.16943992E+00   0.32759404E-02   0.21854022E-02
  -0.23486368E+01   0.82503131E+00   0.16942607E+00   0.32011093E-02   0.23415093E-02
  -0.23256109E+01   0.82495327E+00   0.16941005E+00   0.31279473E-02   0.25087351E-02
  -0.23025851E+01   0.82486400E+00   0.16939171E+00   0.30564157E-02   0.26878672E-02
  -0.22795592E+01   0.82476284E+00   0.16937094E+00   0.29864769E-02   0.28797484E-02
  -0.22565334E+01   0.82464905E+00   0.16934757E+00   0.29180937E-02   0.30852803E-02
  -0.22335075E+01   0.82452188E+00   0.16932146E+00   0.28512301E-02   0.33054276E-02
  -0.22104817E+01   0.82438050E+00   0.16929242E+00   0.27858504E-02   0.35412222E-02
  -0.21874558E+01   0.82422402E+00   0.16926029E+00   0.27219199E-02   0.37937676E-02
  -0.21644300E+01   0.82405149E+00   0.16922486E+00   0.26594046E-02   0.40642443E-02
  -0.21414041E+01   0.82386189E+00   0.16918592E+00   0.25982713E-02   0.43539143E-02
  -0.21183783E+01   0.82365413E+00   0.16914326E+00   0.25384871E-02   0.46641267E-02
  -0.20953524E+01   0.82342703E+00   0.16909662E+00   0.24800201E-02   0.49963239E-02
  -0.20723266E+01   0.82317935E+00   0.16904576E+00   0.24228389E-02   0.53520471E-02
  -0.20493007E+01   0.82290975E+00   0.16899039E+00   0.23669129E-02   0.57329436E-02
  -0.20262749E+01   0.82261678E+00   0.16893023E+00   0.23122119E-02   0.61407728E-02
  -0.20032490E+01   0.82229892E+00   0.16886496E+00   0.22587065E-02   0.65774140E-02
  -0.19802232E+01   0.82195453E+00   0.16879423E+00   0.22063676E-02   0.70448743E-02
  -0.19571973E+01   0.82158184E+00   0.16871770E+00   0.21551669E-02   0.75452962E-02
  -0.19341715E+01   0.82117899E+00   0.16863497E+00   0.21050766E-02   0.80809662E-02
  -0.19111456E+01   0.82074397E+00   0.16854564E+00   0.20560694E-02   0.86543242E-02
  -0.18881198E+01   0.82027465E+00   0.16844926E+00   0.20081186E-02   0.92679728E-02
  -0.18650939E+01   0.81976875E+00   0.16834537E+00   0.19611980E-02   0.99246870E-02
  -0.18420681E+01   0.81922383E+00   0.16823346E+00   0.19152817E-02   0.10627425E-01
  -0.18190422E+01   0.81863730E+00   0.16811302E+00   0.18703445E-02   0.11379338E-01
  -0.17960164E+01   0.81800640E+00   0.16798346E+00   0.18263616E-02   0.12183783E-01
  -0.17729905E+01   0.81732818E+00   0.16784418E+00   0.17833088E-02   0.13044335E-01
  -0.17499647E+01   0.81659950E+00   0.16769454E+00   0.17411620E-02   0.13964795E-01
  -0.17269388E+01   0.81581704E+00   0.16753386E+00   0.16998979E-02   0.14949210E-01
  -0.17039130E+01   0.81497723E+00   0.16736140E+00   0.16594935E-02   0.16001877E-01
  -0.16808871E+01   0.81407632E+00   0.16717639E+00   0.16199261E-02   0.17127366E-01
  -0.16578613E+01   0.81311029E+00   0.16697801E+00   0.15811735E-02   0.18330526E-01
  -0.16348354E+01   0.81207490E+00   0.16676538E+00   0.15432140E-02   0.19616501E-01
  -0.16118096E+01   0.81096564E+00   0.16653759E+00   0.15060262E-02   0.20990748E-01
  -0.15887837E+01   0.80977773E+00   0.16629364E+00   0.14695890E-02   0.22459045E-01
  -0.15657579E+01   0.80850610E+00   0.16603250E+00   0.14338819E-02   0.24027510E-01
  -0.15427320E+01   0.80714543E+00   0.16575308E+00   0.13988845E-02   0.25702611E-01
  -0.15197062E+01   0.80569003E+00   0.16545420E+00   0.13645771E-02   0.27491184E-01
  -0.14966803E+01   0.80413396E+00   0.16513465E+00   0.13309400E-02   0.29400442E-01
  -0.14736545E+01   0.80247092E+00   0.16479314E+00   0.12979542E-02   0.31437989E-01
  -0.14506286E+01   0.80069428E+00   0.16442829E+00   0.12656010E-02   0.33611832E-01
  -0.14276028E+01   0.79879707E+00   0.16403868E+00   0.12338618E-02   0.35930389E-01
  -0.14045769E+01   0.79677197E+00   0.16362281E+00   0.12027189E-02   0.38402501E-01
  -0.13815511E+01   0.79461130E+00   0.16317911E+00   0.11721544E-02   0.41037434E-01
  -0.13585252E+01   0.79230705E+00   0.16270591E+00   0.11421512E-02   0.43844889E-01
  -0.13354994E+01   0.78985080E+00   0.16220150E+00   0.11126924E-02   0.46835000E-01
  -0.13124735E+01   0.78723382E+00   0.16166409E+00   0.10837617E-02   0.50018332E-01
  -0.12894477E+01   0.78444699E+00   0.16109179E+00   0.10553431E-02   0.53405878E-01
  -0.12664218E+01   0.78148085E+00   0.16048268E+00   0.10274209E-02   0.57009050E-01
  -0.12433960E+01   0.77832563E+00   0.15983473E+00   0.99998021E-03   0.60839662E-01
  -0.12203701E+01   0.77497121E+00   0.15914587E+00   0.97300628E-03   0.64909913E-01
  -0.11973442E+01   0.77140718E+00   0.15841397E+00   0.94648503E-03   0.69232360E-01
  -0.11743184E+01   0.76762287E+00   0.15763684E+00   0.92040290E-03   0.73819885E-01
  -0.11512925E+01   0.76360737E+00   0.15681223E+00   0.89474686E-03   0.78685656E-01
  -0.11282667E+01   0.75934956E+00   0.15593786E+00   0.86950447E-03   0.83843077E-01
  -0.11052408E+01   0.75483819E+00   0.15501141E+00   0.84466391E-03   0.89305730E-01
  -0.10822150E+01   0.75006190E+00   0.15403057E+00   0.82021401E-03   0.95087312E-01
  -0.10591891E+01   0.74500932E+00   0.15299299E+00   0.79614428E-03   0.10120155E+00
  -0.10361633E+01   0.73966910E+00   0.15189633E+00   0.77244497E-03   0.10766212E+00
  -0.10131374E+01   0.73403003E+00   0.15073831E+00   0.74910708E-03   0.11448255E+00
  -0.99011159E+00   0.72808113E+00   0.14951666E+00   0.72612242E-03   0.12167609E+00
  -0.96708574E+00   0.72181172E+00   0.14822919E+00   0.70348364E-03   0.12925561E+00
  -0.94405989E+00   0.71521156E+00   0.14687380E+00   0.68118425E-03   0.13723345E+00
  -0.92103404E+00   0.70827098E+00   0.14544850E+00   0.65921870E-03   0.14562130E+00
  -0.89800819E+00   0.70098096E+00   0.14395145E+00   0.63758237E-03   0.15443000E+00
  -0.87498234E+00   0.69333335E+00   0.14238096E+00   0.61627161E-03   0.16366942E+00
  -0.85195648E+00   0.68532092E+00   0.14073555E+00   0.59528380E-03   0.17334825E+00
  -0.82893063E+00   0.67693760E+00   0.13901397E+00   0.57461732E-03   0.18347382E+00
  -0.80590478E+00   0.66817855E+00   0.13721524E+00   0.55427157E-03   0.19405194E+00
  -0.78287893E+00   0.65904040E+00   0.13533865E+00   0.53424702E-03   0.20508670E+00
  -0.75985308E+00   0.64952134E+00   0.13338385E+00   0.51454516E-03   0.21658027E+00
  -0.73682723E+00   0.63962131E+00   0.13135080E+00   0.49516849E-03   0.22853272E+00
  -0.71380138E+00   0.62934212E+00   0.12923990E+00   0.47612049E-03   0.24094186E+00
  -0.69077553E+00   0.61868760E+00   0.12705192E+00   0.45740561E-03   0.25380307E+00
  -0.66774968E+00   0.60766373E+00   0.12478809E+00   0.43902918E-03   0.26710916E+00
  -0.64472383E+00   0.59627870E+00   0.12245009E+00   0.42099736E-03   0.28085021E+00
  -0.62169798E+00   0.58454305E+00   0.12004009E+00   0.40331704E-03   0.29501355E+00
  -0.59867212E+00   0.57246967E+00   0.11756074E+00   0.38599578E-03   0.30958360E+00
  -0.57564627E+00   0.56007388E+00   0.11501517E+00   0.36904166E-03   0.32454190E+00
  -0.55262042E+00   0.54737339E+00   0.11240704E+00   0.35246318E-03   0.33986711E+00
  -0.52959457E+00   0.53438827E+00   0.10974045E+00   0.33626912E-03   0.35553501E+00
  -0.50656872E+00   0.52114089E+00   0.10702000E+00   0.32046841E-03   0.37151864E+00
  -0.48354287E+00   0.50765579E+00   0.10425074E+00   0.30506994E-03   0.38778839E+00
  -0.46051702E+00   0.49395957E+00   0.10143813E+00   0.29008247E-03   0.40431222E+00
  -0.43749117E+00   0.48008067E+00   0.98587994E-01   0.27551439E-03   0.42105582E+00
  -0.41446532E+00   0.46604916E+00   0.95706525E-01   0.26137365E-03   0.43798294E+00
  -0.39143947E+00   0.45189654E+00   0.92800182E-01   0.24766754E-03   0.45505561E+00
  -0.36841361E+00   0.43765540E+00   0.89875662E-01   0.23440257E-03   0.47223454E+00
  -0.34538776E+00   0.42335917E+00   0.86939830E-01   0.22158433E-03   0.48947941E+00
  -0.32236191E+00   0.40904181E+00   0.83999658E-01   0.20921739E-03   0.50674931E+00
  -0.29933606E+00   0.39473748E+00   0.81062160E-01   0.19730516E-03   0.52400306E+00
  -0.27631021E+00   0.38048018E+00   0.78134323E-01   0.18584981E-03   0.54119964E+00
  -0.25328436E+00   0.36630351E+00   0.75223042E-01   0.17485222E-03   0.55829860E+00
  -0.23025851E+00   0.35224026E+00   0.72335054E-01   0.16431192E-03   0.57526037E+00
  -0.20723266E+00   0.33832220E+00   0.69476881E-01   0.15422706E-03   0.59204669E+00
  -0.18420681E+00   0.32457974E+00   0.66654767E-01   0.14459440E-03   0.60862090E+00
  -0.16118096E+00   0.31104169E+00   0.63874633E-01   0.13540936E-03   0.62494826E+00
  -0.13815511E+00   0.29773508E+00   0.61142026E-01   0.12666601E-03   0.64099623E+00
  -0.11512925E+00   0.28468492E+00   0.58462082E-01   0.11835716E-03   0.65673464E+00
  -0.92103404E-01   0.27191407E+00   0.55839496E-01   0.11047442E-03   0.67213596E+00
  -0.69077553E-01   0.25944311E+00   0.53278495E-01   0.10300830E-03   0.68717539E+00
  -0.46051702E-01   0.24729028E+00   0.50782826E-01   0.95948265E-04   0.70183094E+00
  -0.23025851E-01   0.23547144E+00   0.48355741E-01   0.89282903E-04   0.71608354E+00
