  0.10000000E+001  0.76595669E-002
  0.20000000E+001  0.59413342E-002
  0.30000000E+001  0.42231015E-002
  0.40000000E+001  0.41215673E-002
  0.50000000E+001  0.43570913E-002
  0.60000000E+001  0.45683308E-002
  0.70000000E+001  0.48139605E-002
  0.80000000E+001  0.50808510E-002
  0.90000000E+001  0.53440815E-002
  0.10000000E+002  0.56033689E-002
  0.11000000E+002  0.58633281E-002
  0.12000000E+002  0.61235280E-002
  0.13000000E+002  0.63825395E-002
  0.14000000E+002  0.66399892E-002
  0.15000000E+002  0.68957673E-002
  0.16000000E+002  0.71498050E-002
  0.17000000E+002  0.74021962E-002
  0.18000000E+002  0.76530757E-002
  0.19000000E+002  0.79025783E-002
  0.20000000E+002  0.81508387E-002
  0.21000000E+002  0.83979638E-002
  0.22000000E+002  0.86439489E-002
  0.23000000E+002  0.88887614E-002
  0.24000000E+002  0.91323688E-002
  0.25000000E+002  0.93747383E-002
  0.26000000E+002  0.96158375E-002
  0.27000000E+002  0.98556338E-002
  0.28000000E+002  0.10094095E-001
  0.29000000E+002  0.10331187E-001
  0.30000000E+002  0.10566879E-001
  0.31000000E+002  0.10801174E-001
  0.32000000E+002  0.11034221E-001
  0.33000000E+002  0.11266204E-001
  0.34000000E+002  0.11497310E-001
  0.35000000E+002  0.11727722E-001
  0.36000000E+002  0.11957625E-001
  0.37000000E+002  0.12187206E-001
  0.38000000E+002  0.12416649E-001
  0.39000000E+002  0.12646138E-001
  0.40000000E+002  0.12875859E-001
  0.41000000E+002  0.13105974E-001
  0.42000000E+002  0.13336549E-001
  0.43000000E+002  0.13567629E-001
  0.44000000E+002  0.13799257E-001
  0.45000000E+002  0.14031478E-001
  0.46000000E+002  0.14264335E-001
  0.47000000E+002  0.14497872E-001
  0.48000000E+002  0.14732134E-001
  0.49000000E+002  0.14967163E-001
  0.50000000E+002  0.15203003E-001
  0.51000000E+002  0.15439706E-001
  0.52000000E+002  0.15677343E-001
  0.53000000E+002  0.15915995E-001
  0.54000000E+002  0.16155742E-001
  0.55000000E+002  0.16396662E-001
  0.56000000E+002  0.16638836E-001
  0.57000000E+002  0.16882343E-001
  0.58000000E+002  0.17127262E-001
  0.59000000E+002  0.17373674E-001
  0.60000000E+002  0.17621657E-001
  0.61000000E+002  0.17871289E-001
  0.62000000E+002  0.18122630E-001
  0.63000000E+002  0.18375742E-001
  0.64000000E+002  0.18630682E-001
  0.65000000E+002  0.18887511E-001
  0.66000000E+002  0.19146287E-001
  0.67000000E+002  0.19407070E-001
  0.68000000E+002  0.19669918E-001
  0.69000000E+002  0.19934892E-001
  0.70000000E+002  0.20202050E-001
  0.71000000E+002  0.20471454E-001
  0.72000000E+002  0.20743177E-001
  0.73000000E+002  0.21017292E-001
  0.74000000E+002  0.21293875E-001
  0.75000000E+002  0.21573001E-001
  0.76000000E+002  0.21854744E-001
  0.77000000E+002  0.22139179E-001
  0.78000000E+002  0.22426381E-001
  0.79000000E+002  0.22716425E-001
  0.80000000E+002  0.23009384E-001
  0.81000000E+002  0.23305314E-001
  0.82000000E+002  0.23604186E-001
  0.83000000E+002  0.23905949E-001
  0.84000000E+002  0.24210555E-001
  0.85000000E+002  0.24517954E-001
  0.86000000E+002  0.24828096E-001
  0.87000000E+002  0.25140933E-001
  0.88000000E+002  0.25456413E-001
  0.89000000E+002  0.25774489E-001
  0.90000000E+002  0.26095110E-001
  0.91000000E+002  0.26418241E-001
  0.92000000E+002  0.26743898E-001
  0.93000000E+002  0.27072112E-001
  0.94000000E+002  0.27402913E-001
  0.95000000E+002  0.27736333E-001
  0.96000000E+002  0.28072402E-001
  0.97000000E+002  0.28411150E-001
  0.98000000E+002  0.28752608E-001
  0.99000000E+002  0.29096806E-001
  0.10000000E+003  0.29443776E-001
  0.10100000E+003  0.29793531E-001
  0.10200000E+003  0.30146025E-001
  0.10300000E+003  0.30501192E-001
  0.10400000E+003  0.30858969E-001
  0.10500000E+003  0.31219293E-001
  0.10600000E+003  0.31582100E-001
  0.10700000E+003  0.31947325E-001
  0.10800000E+003  0.32314906E-001
  0.10900000E+003  0.32684777E-001
  0.11000000E+003  0.33056876E-001
  0.11100000E+003  0.33431138E-001
  0.11200000E+003  0.33807501E-001
  0.11300000E+003  0.34185899E-001
  0.11400000E+003  0.34566269E-001
  0.11500000E+003  0.34948547E-001
  0.11600000E+003  0.35332670E-001
  0.11700000E+003  0.35718574E-001
  0.11800000E+003  0.36106195E-001
  0.11900000E+003  0.36495469E-001
  0.12000000E+003  0.36886332E-001
  0.12100000E+003  0.37278713E-001
  0.12200000E+003  0.37672513E-001
  0.12300000E+003  0.38067626E-001
  0.12400000E+003  0.38463944E-001
  0.12500000E+003  0.38861362E-001
  0.12600000E+003  0.39259772E-001
  0.12700000E+003  0.39659069E-001
  0.12800000E+003  0.40059145E-001
  0.12900000E+003  0.40459895E-001
  0.13000000E+003  0.40861211E-001
  0.13100000E+003  0.41262987E-001
  0.13200000E+003  0.41665116E-001
  0.13300000E+003  0.42067493E-001
  0.13400000E+003  0.42470010E-001
  0.13500000E+003  0.42872560E-001
  0.13600000E+003  0.43275038E-001
  0.13700000E+003  0.43677337E-001
  0.13800000E+003  0.44079350E-001
  0.13900000E+003  0.44480971E-001
  0.14000000E+003  0.44882092E-001
  0.14100000E+003  0.45282607E-001
  0.14200000E+003  0.45682397E-001
  0.14300000E+003  0.46081345E-001
  0.14400000E+003  0.46479333E-001
  0.14500000E+003  0.46876241E-001
  0.14600000E+003  0.47271952E-001
  0.14700000E+003  0.47666347E-001
  0.14800000E+003  0.48059307E-001
  0.14900000E+003  0.48450714E-001
  0.15000000E+003  0.48840450E-001
  0.15100000E+003  0.49228397E-001
  0.15200000E+003  0.49614435E-001
  0.15300000E+003  0.49998446E-001
  0.15400000E+003  0.50380313E-001
  0.15500000E+003  0.50759915E-001
  0.15600000E+003  0.51137136E-001
  0.15700000E+003  0.51511857E-001
  0.15800000E+003  0.51883959E-001
  0.15900000E+003  0.52253323E-001
  0.16000000E+003  0.52619832E-001
  0.16100000E+003  0.52983369E-001
  0.16200000E+003  0.53343825E-001
  0.16300000E+003  0.53701093E-001
  0.16400000E+003  0.54055067E-001
  0.16500000E+003  0.54405640E-001
  0.16600000E+003  0.54752705E-001
  0.16700000E+003  0.55096156E-001
  0.16800000E+003  0.55435886E-001
  0.16900000E+003  0.55771788E-001
  0.17000000E+003  0.56103755E-001
  0.17100000E+003  0.56431681E-001
  0.17200000E+003  0.56755459E-001
  0.17300000E+003  0.57074983E-001
  0.17400000E+003  0.57390144E-001
  0.17500000E+003  0.57700838E-001
  0.17600000E+003  0.58006956E-001
  0.17700000E+003  0.58308393E-001
  0.17800000E+003  0.58605042E-001
  0.17900000E+003  0.58896795E-001
  0.18000000E+003  0.59183547E-001
  0.18100000E+003  0.59465194E-001
  0.18200000E+003  0.59741645E-001
  0.18300000E+003  0.60012814E-001
  0.18400000E+003  0.60278615E-001
  0.18500000E+003  0.60538960E-001
  0.18600000E+003  0.60793763E-001
  0.18700000E+003  0.61042938E-001
  0.18800000E+003  0.61286396E-001
  0.18900000E+003  0.61524053E-001
  0.19000000E+003  0.61755821E-001
  0.19100000E+003  0.61981613E-001
  0.19200000E+003  0.62201343E-001
  0.19300000E+003  0.62414924E-001
  0.19400000E+003  0.62622269E-001
  0.19500000E+003  0.62823291E-001
  0.19600000E+003  0.63017904E-001
  0.19700000E+003  0.63206022E-001
  0.19800000E+003  0.63387556E-001
  0.19900000E+003  0.63562422E-001
  0.20000000E+003  0.63730531E-001
  0.20100000E+003  0.63891810E-001
  0.20200000E+003  0.64046230E-001
  0.20300000E+003  0.64193777E-001
  0.20400000E+003  0.64334435E-001
  0.20500000E+003  0.64468188E-001
  0.20600000E+003  0.64595021E-001
  0.20700000E+003  0.64714919E-001
  0.20800000E+003  0.64827866E-001
  0.20900000E+003  0.64933846E-001
  0.21000000E+003  0.65032845E-001
  0.21100000E+003  0.65124847E-001
  0.21200000E+003  0.65209836E-001
  0.21300000E+003  0.65287797E-001
  0.21400000E+003  0.65358714E-001
  0.21500000E+003  0.65422573E-001
  0.21600000E+003  0.65479357E-001
  0.21700000E+003  0.65529051E-001
  0.21800000E+003  0.65571640E-001
  0.21900000E+003  0.65607108E-001
  0.22000000E+003  0.65635440E-001
  0.22100000E+003  0.65656620E-001
  0.22200000E+003  0.65670633E-001
  0.22300000E+003  0.65677464E-001
  0.22400000E+003  0.65677096E-001
  0.22500000E+003  0.65669516E-001
  0.22600000E+003  0.65654718E-001
  0.22700000E+003  0.65632745E-001
  0.22800000E+003  0.65603653E-001
  0.22900000E+003  0.65567494E-001
  0.23000000E+003  0.65524325E-001
  0.23100000E+003  0.65474198E-001
  0.23200000E+003  0.65417169E-001
  0.23300000E+003  0.65353292E-001
  0.23400000E+003  0.65282621E-001
  0.23500000E+003  0.65205211E-001
  0.23600000E+003  0.65121115E-001
  0.23700000E+003  0.65030390E-001
  0.23800000E+003  0.64933087E-001
  0.23900000E+003  0.64829263E-001
  0.24000000E+003  0.64718972E-001
  0.24100000E+003  0.64602268E-001
  0.24200000E+003  0.64479205E-001
  0.24300000E+003  0.64349837E-001
  0.24400000E+003  0.64214220E-001
  0.24500000E+003  0.64072407E-001
  0.24600000E+003  0.63924453E-001
  0.24700000E+003  0.63770413E-001
  0.24800000E+003  0.63610340E-001
  0.24900000E+003  0.63444289E-001
  0.25000000E+003  0.63272315E-001
  0.25100000E+003  0.63094478E-001
  0.25200000E+003  0.62910866E-001
  0.25300000E+003  0.62721574E-001
  0.25400000E+003  0.62526696E-001
  0.25500000E+003  0.62326327E-001
  0.25600000E+003  0.62120560E-001
  0.25700000E+003  0.61909490E-001
  0.25800000E+003  0.61693212E-001
  0.25900000E+003  0.61471820E-001
  0.26000000E+003  0.61245409E-001
  0.26100000E+003  0.61014072E-001
  0.26200000E+003  0.60777904E-001
  0.26300000E+003  0.60537000E-001
  0.26400000E+003  0.60291454E-001
  0.26500000E+003  0.60041360E-001
  0.26600000E+003  0.59786813E-001
  0.26700000E+003  0.59527908E-001
  0.26800000E+003  0.59264737E-001
  0.26900000E+003  0.58997397E-001
  0.27000000E+003  0.58725981E-001
  0.27100000E+003  0.58450584E-001
  0.27200000E+003  0.58171300E-001
  0.27300000E+003  0.57888223E-001
  0.27400000E+003  0.57601449E-001
  0.27500000E+003  0.57311071E-001
  0.27600000E+003  0.57017191E-001
  0.27700000E+003  0.56719944E-001
  0.27800000E+003  0.56419473E-001
  0.27900000E+003  0.56115918E-001
  0.28000000E+003  0.55809423E-001
  0.28100000E+003  0.55500129E-001
  0.28200000E+003  0.55188179E-001
  0.28300000E+003  0.54873715E-001
  0.28400000E+003  0.54556878E-001
  0.28500000E+003  0.54237812E-001
  0.28600000E+003  0.53916658E-001
  0.28700000E+003  0.53593558E-001
  0.28800000E+003  0.53268654E-001
  0.28900000E+003  0.52942090E-001
  0.29000000E+003  0.52614006E-001
  0.29100000E+003  0.52284544E-001
  0.29200000E+003  0.51953848E-001
  0.29300000E+003  0.51622060E-001
  0.29400000E+003  0.51289320E-001
  0.29500000E+003  0.50955772E-001
  0.29600000E+003  0.50621558E-001
  0.29700000E+003  0.50286820E-001
  0.29800000E+003  0.49951699E-001
  0.29900000E+003  0.49616339E-001
  0.30000000E+003  0.49280881E-001
  0.30100000E+003  0.48945460E-001
  0.30200000E+003  0.48610183E-001
  0.30300000E+003  0.48275148E-001
  0.30400000E+003  0.47940455E-001
  0.30500000E+003  0.47606204E-001
  0.30600000E+003  0.47272492E-001
  0.30700000E+003  0.46939420E-001
  0.30800000E+003  0.46607086E-001
  0.30900000E+003  0.46275590E-001
  0.31000000E+003  0.45945030E-001
  0.31100000E+003  0.45615506E-001
  0.31200000E+003  0.45287118E-001
  0.31300000E+003  0.44959963E-001
  0.31400000E+003  0.44634142E-001
  0.31500000E+003  0.44309753E-001
  0.31600000E+003  0.43986896E-001
  0.31700000E+003  0.43665670E-001
  0.31800000E+003  0.43346173E-001
  0.31900000E+003  0.43028506E-001
  0.32000000E+003  0.42712767E-001
  0.32100000E+003  0.42399055E-001
  0.32200000E+003  0.42087469E-001
  0.32300000E+003  0.41778110E-001
  0.32400000E+003  0.41471075E-001
  0.32500000E+003  0.41166464E-001
  0.32600000E+003  0.40864376E-001
  0.32700000E+003  0.40564910E-001
  0.32800000E+003  0.40268166E-001
  0.32900000E+003  0.39974243E-001
  0.33000000E+003  0.39683239E-001
  0.33100000E+003  0.39395253E-001
  0.33200000E+003  0.39110386E-001
  0.33300000E+003  0.38828736E-001
  0.33400000E+003  0.38550402E-001
  0.33500000E+003  0.38275484E-001
  0.33600000E+003  0.38004080E-001
  0.33700000E+003  0.37736290E-001
  0.33800000E+003  0.37472213E-001
  0.33900000E+003  0.37211947E-001
  0.34000000E+003  0.36955593E-001
  0.34100000E+003  0.36703250E-001
  0.34200000E+003  0.36455015E-001
  0.34300000E+003  0.36210989E-001
  0.34400000E+003  0.35971271E-001
  0.34500000E+003  0.35735960E-001
  0.34600000E+003  0.35505155E-001
  0.34700000E+003  0.35278955E-001
  0.34800000E+003  0.35057460E-001
  0.34900000E+003  0.34840768E-001
  0.35000000E+003  0.34628979E-001
  0.35100000E+003  0.34422172E-001
  0.35200000E+003  0.34220354E-001
  0.35300000E+003  0.34023511E-001
  0.35400000E+003  0.33831628E-001
  0.35500000E+003  0.33644694E-001
  0.35600000E+003  0.33462693E-001
  0.35700000E+003  0.33285614E-001
  0.35800000E+003  0.33113441E-001
  0.35900000E+003  0.32946162E-001
  0.36000000E+003  0.32783763E-001
  0.36100000E+003  0.32626230E-001
  0.36200000E+003  0.32473551E-001
  0.36300000E+003  0.32325711E-001
  0.36400000E+003  0.32182696E-001
  0.36500000E+003  0.32044495E-001
  0.36600000E+003  0.31911092E-001
  0.36700000E+003  0.31782474E-001
  0.36800000E+003  0.31658629E-001
  0.36900000E+003  0.31539541E-001
  0.37000000E+003  0.31425199E-001
  0.37100000E+003  0.31315587E-001
  0.37200000E+003  0.31210694E-001
  0.37300000E+003  0.31110504E-001
  0.37400000E+003  0.31015005E-001
  0.37500000E+003  0.30924184E-001
  0.37600000E+003  0.30838026E-001
  0.37700000E+003  0.30756518E-001
  0.37800000E+003  0.30679647E-001
  0.37900000E+003  0.30607398E-001
  0.38000000E+003  0.30539760E-001
  0.38100000E+003  0.30476717E-001
  0.38200000E+003  0.30418256E-001
  0.38300000E+003  0.30364365E-001
  0.38400000E+003  0.30315029E-001
  0.38500000E+003  0.30270235E-001
  0.38600000E+003  0.30229969E-001
  0.38700000E+003  0.30194218E-001
  0.38800000E+003  0.30162969E-001
  0.38900000E+003  0.30136207E-001
  0.39000000E+003  0.30113919E-001
  0.39100000E+003  0.30096092E-001
  0.39200000E+003  0.30082713E-001
  0.39300000E+003  0.30073767E-001
  0.39400000E+003  0.30069241E-001
  0.39500000E+003  0.30069122E-001
  0.39600000E+003  0.30073396E-001
  0.39700000E+003  0.30082049E-001
  0.39800000E+003  0.30095069E-001
  0.39900000E+003  0.30112441E-001
  0.40000000E+003  0.30134151E-001
  0.40100000E+003  0.30160175E-001
  0.40200000E+003  0.30190430E-001
  0.40300000E+003  0.30224826E-001
  0.40400000E+003  0.30263268E-001
  0.40500000E+003  0.30305664E-001
  0.40600000E+003  0.30351920E-001
  0.40700000E+003  0.30401945E-001
  0.40800000E+003  0.30455645E-001
  0.40900000E+003  0.30512927E-001
  0.41000000E+003  0.30573698E-001
  0.41100000E+003  0.30637865E-001
  0.41200000E+003  0.30705335E-001
  0.41300000E+003  0.30776017E-001
  0.41400000E+003  0.30849815E-001
  0.41500000E+003  0.30926638E-001
  0.41600000E+003  0.31006393E-001
  0.41700000E+003  0.31088987E-001
  0.41800000E+003  0.31174326E-001
  0.41900000E+003  0.31262319E-001
  0.42000000E+003  0.31352871E-001
  0.42100000E+003  0.31445890E-001
  0.42200000E+003  0.31541284E-001
  0.42300000E+003  0.31638959E-001
  0.42400000E+003  0.31738822E-001
  0.42500000E+003  0.31840781E-001
  0.42600000E+003  0.31944742E-001
  0.42700000E+003  0.32050612E-001
  0.42800000E+003  0.32158300E-001
  0.42900000E+003  0.32267711E-001
  0.43000000E+003  0.32378753E-001
  0.43100000E+003  0.32491333E-001
  0.43200000E+003  0.32605357E-001
  0.43300000E+003  0.32720734E-001
  0.43400000E+003  0.32837370E-001
  0.43500000E+003  0.32955172E-001
  0.43600000E+003  0.33074048E-001
  0.43700000E+003  0.33193904E-001
  0.43800000E+003  0.33314647E-001
  0.43900000E+003  0.33436185E-001
  0.44000000E+003  0.33558424E-001
  0.44100000E+003  0.33681273E-001
  0.44200000E+003  0.33804637E-001
  0.44300000E+003  0.33928424E-001
  0.44400000E+003  0.34052541E-001
  0.44500000E+003  0.34176894E-001
  0.44600000E+003  0.34301392E-001
  0.44700000E+003  0.34425942E-001
  0.44800000E+003  0.34550449E-001
  0.44900000E+003  0.34674822E-001
  0.45000000E+003  0.34798967E-001
  0.45100000E+003  0.34922797E-001
  0.45200000E+003  0.35046245E-001
  0.45300000E+003  0.35169248E-001
  0.45400000E+003  0.35291744E-001
  0.45500000E+003  0.35413671E-001
  0.45600000E+003  0.35534968E-001
  0.45700000E+003  0.35655572E-001
  0.45800000E+003  0.35775421E-001
  0.45900000E+003  0.35894453E-001
  0.46000000E+003  0.36012606E-001
  0.46100000E+003  0.36129818E-001
  0.46200000E+003  0.36246027E-001
  0.46300000E+003  0.36361170E-001
  0.46400000E+003  0.36475187E-001
  0.46500000E+003  0.36588014E-001
  0.46600000E+003  0.36699590E-001
  0.46700000E+003  0.36809852E-001
  0.46800000E+003  0.36918739E-001
  0.46900000E+003  0.37026188E-001
  0.47000000E+003  0.37132138E-001
  0.47100000E+003  0.37236526E-001
  0.47200000E+003  0.37339290E-001
  0.47300000E+003  0.37440369E-001
  0.47400000E+003  0.37539700E-001
  0.47500000E+003  0.37637221E-001
  0.47600000E+003  0.37732870E-001
  0.47700000E+003  0.37826584E-001
  0.47800000E+003  0.37918303E-001
  0.47900000E+003  0.38007964E-001
  0.48000000E+003  0.38095505E-001
  0.48100000E+003  0.38180863E-001
  0.48200000E+003  0.38263977E-001
  0.48300000E+003  0.38344784E-001
  0.48400000E+003  0.38423224E-001
  0.48500000E+003  0.38499232E-001
  0.48600000E+003  0.38572749E-001
  0.48700000E+003  0.38643710E-001
  0.48800000E+003  0.38712055E-001
  0.48900000E+003  0.38777721E-001
  0.49000000E+003  0.38840647E-001
  0.49100000E+003  0.38900769E-001
  0.49200000E+003  0.38958027E-001
  0.49300000E+003  0.39012358E-001
  0.49400000E+003  0.39063699E-001
  0.49500000E+003  0.39111990E-001
  0.49600000E+003  0.39157168E-001
  0.49700000E+003  0.39199170E-001
  0.49800000E+003  0.39237935E-001
  0.49900000E+003  0.39273401E-001
  0.50000000E+003  0.39305505E-001
  0.50100000E+003  0.39334201E-001
  0.50200000E+003  0.39359502E-001
  0.50300000E+003  0.39381436E-001
  0.50400000E+003  0.39400032E-001
  0.50500000E+003  0.39415317E-001
  0.50600000E+003  0.39427320E-001
  0.50700000E+003  0.39436069E-001
  0.50800000E+003  0.39441592E-001
  0.50900000E+003  0.39443918E-001
  0.51000000E+003  0.39443076E-001
  0.51100000E+003  0.39439092E-001
  0.51200000E+003  0.39431996E-001
  0.51300000E+003  0.39421815E-001
  0.51400000E+003  0.39408579E-001
  0.51500000E+003  0.39392315E-001
  0.51600000E+003  0.39373051E-001
  0.51700000E+003  0.39350816E-001
  0.51800000E+003  0.39325638E-001
  0.51900000E+003  0.39297546E-001
  0.52000000E+003  0.39266567E-001
  0.52100000E+003  0.39232730E-001
  0.52200000E+003  0.39196063E-001
  0.52300000E+003  0.39156594E-001
  0.52400000E+003  0.39114352E-001
  0.52500000E+003  0.39069365E-001
  0.52600000E+003  0.39021661E-001
  0.52700000E+003  0.38971269E-001
  0.52800000E+003  0.38918216E-001
  0.52900000E+003  0.38862531E-001
  0.53000000E+003  0.38804243E-001
  0.53100000E+003  0.38743378E-001
  0.53200000E+003  0.38679967E-001
  0.53300000E+003  0.38614037E-001
  0.53400000E+003  0.38545616E-001
  0.53500000E+003  0.38474732E-001
  0.53600000E+003  0.38401414E-001
  0.53700000E+003  0.38325691E-001
  0.53800000E+003  0.38247589E-001
  0.53900000E+003  0.38167138E-001
  0.54000000E+003  0.38084367E-001
  0.54100000E+003  0.37999302E-001
  0.54200000E+003  0.37911972E-001
  0.54300000E+003  0.37822407E-001
  0.54400000E+003  0.37730633E-001
  0.54500000E+003  0.37636679E-001
  0.54600000E+003  0.37540574E-001
  0.54700000E+003  0.37442345E-001
  0.54800000E+003  0.37342021E-001
  0.54900000E+003  0.37239631E-001
  0.55000000E+003  0.37135202E-001
  0.55100000E+003  0.37028770E-001
  0.55200000E+003  0.36920401E-001
  0.55300000E+003  0.36810168E-001
  0.55400000E+003  0.36698143E-001
  0.55500000E+003  0.36584399E-001
  0.55600000E+003  0.36469010E-001
  0.55700000E+003  0.36352048E-001
  0.55800000E+003  0.36233586E-001
  0.55900000E+003  0.36113698E-001
  0.56000000E+003  0.35992455E-001
  0.56100000E+003  0.35869931E-001
  0.56200000E+003  0.35746199E-001
  0.56300000E+003  0.35621332E-001
  0.56400000E+003  0.35495403E-001
  0.56500000E+003  0.35368484E-001
  0.56600000E+003  0.35240649E-001
  0.56700000E+003  0.35111970E-001
  0.56800000E+003  0.34982520E-001
  0.56900000E+003  0.34852373E-001
  0.57000000E+003  0.34721601E-001
  0.57100000E+003  0.34590277E-001
  0.57200000E+003  0.34458474E-001
  0.57300000E+003  0.34326265E-001
  0.57400000E+003  0.34193723E-001
  0.57500000E+003  0.34060920E-001
  0.57600000E+003  0.33927930E-001
  0.57700000E+003  0.33794826E-001
  0.57800000E+003  0.33661681E-001
  0.57900000E+003  0.33528567E-001
  0.58000000E+003  0.33395557E-001
  0.58100000E+003  0.33262724E-001
  0.58200000E+003  0.33130142E-001
  0.58300000E+003  0.32997883E-001
  0.58400000E+003  0.32866020E-001
  0.58500000E+003  0.32734626E-001
  0.58600000E+003  0.32603773E-001
  0.58700000E+003  0.32473536E-001
  0.58800000E+003  0.32343986E-001
  0.58900000E+003  0.32215197E-001
  0.59000000E+003  0.32087241E-001
  0.59100000E+003  0.31960192E-001
  0.59200000E+003  0.31834122E-001
  0.59300000E+003  0.31709104E-001
  0.59400000E+003  0.31585212E-001
  0.59500000E+003  0.31462518E-001
  0.59600000E+003  0.31341094E-001
  0.59700000E+003  0.31221015E-001
  0.59800000E+003  0.31102353E-001
  0.59900000E+003  0.30985180E-001
  0.60000000E+003  0.30869571E-001
  0.60100000E+003  0.30755589E-001
  0.60200000E+003  0.30643275E-001
  0.60300000E+003  0.30532659E-001
  0.60400000E+003  0.30423773E-001
  0.60500000E+003  0.30316647E-001
  0.60600000E+003  0.30211313E-001
  0.60700000E+003  0.30107803E-001
  0.60800000E+003  0.30006147E-001
  0.60900000E+003  0.29906378E-001
  0.61000000E+003  0.29808525E-001
  0.61100000E+003  0.29712621E-001
  0.61200000E+003  0.29618697E-001
  0.61300000E+003  0.29526784E-001
  0.61400000E+003  0.29436913E-001
  0.61500000E+003  0.29349116E-001
  0.61600000E+003  0.29263424E-001
  0.61700000E+003  0.29179868E-001
  0.61800000E+003  0.29098480E-001
  0.61900000E+003  0.29019290E-001
  0.62000000E+003  0.28942331E-001
  0.62100000E+003  0.28867633E-001
  0.62200000E+003  0.28795228E-001
  0.62300000E+003  0.28725146E-001
  0.62400000E+003  0.28657420E-001
  0.62500000E+003  0.28592081E-001
  0.62600000E+003  0.28529159E-001
  0.62700000E+003  0.28468686E-001
  0.62800000E+003  0.28410694E-001
  0.62900000E+003  0.28355214E-001
  0.63000000E+003  0.28302276E-001
  0.63100000E+003  0.28251913E-001
  0.63200000E+003  0.28204155E-001
  0.63300000E+003  0.28159034E-001
  0.63400000E+003  0.28116582E-001
  0.63500000E+003  0.28076828E-001
  0.63600000E+003  0.28039806E-001
  0.63700000E+003  0.28005545E-001
  0.63800000E+003  0.27974078E-001
  0.63900000E+003  0.27945435E-001
  0.64000000E+003  0.27919648E-001
  0.64100000E+003  0.27896749E-001
  0.64200000E+003  0.27876767E-001
  0.64300000E+003  0.27859736E-001
  0.64400000E+003  0.27845685E-001
  0.64500000E+003  0.27834647E-001
  0.64600000E+003  0.27826653E-001
  0.64700000E+003  0.27821733E-001
  0.64800000E+003  0.27819919E-001
  0.64900000E+003  0.27821243E-001
  0.65000000E+003  0.27825736E-001
  0.65100000E+003  0.27833416E-001
  0.65200000E+003  0.27844255E-001
  0.65300000E+003  0.27858209E-001
  0.65400000E+003  0.27875236E-001
  0.65500000E+003  0.27895295E-001
  0.65600000E+003  0.27918343E-001
  0.65700000E+003  0.27944338E-001
  0.65800000E+003  0.27973238E-001
  0.65900000E+003  0.28005001E-001
  0.66000000E+003  0.28039584E-001
  0.66100000E+003  0.28076946E-001
  0.66200000E+003  0.28117044E-001
  0.66300000E+003  0.28159835E-001
  0.66400000E+003  0.28205279E-001
  0.66500000E+003  0.28253332E-001
  0.66600000E+003  0.28303953E-001
  0.66700000E+003  0.28357099E-001
  0.66800000E+003  0.28412728E-001
  0.66900000E+003  0.28470799E-001
  0.67000000E+003  0.28531268E-001
  0.67100000E+003  0.28594094E-001
  0.67200000E+003  0.28659234E-001
  0.67300000E+003  0.28726647E-001
  0.67400000E+003  0.28796290E-001
  0.67500000E+003  0.28868121E-001
  0.67600000E+003  0.28942097E-001
  0.67700000E+003  0.29018178E-001
  0.67800000E+003  0.29096320E-001
  0.67900000E+003  0.29176481E-001
  0.68000000E+003  0.29258619E-001
  0.68100000E+003  0.29342693E-001
  0.68200000E+003  0.29428659E-001
  0.68300000E+003  0.29516476E-001
  0.68400000E+003  0.29606101E-001
  0.68500000E+003  0.29697493E-001
  0.68600000E+003  0.29790609E-001
  0.68700000E+003  0.29885407E-001
  0.68800000E+003  0.29981845E-001
  0.68900000E+003  0.30079880E-001
  0.69000000E+003  0.30179471E-001
  0.69100000E+003  0.30280575E-001
  0.69200000E+003  0.30383150E-001
  0.69300000E+003  0.30487155E-001
  0.69400000E+003  0.30592546E-001
  0.69500000E+003  0.30699282E-001
  0.69600000E+003  0.30807320E-001
  0.69700000E+003  0.30916618E-001
  0.69800000E+003  0.31027135E-001
  0.69900000E+003  0.31138828E-001
  0.70000000E+003  0.31251654E-001
  0.70100000E+003  0.31365568E-001
  0.70200000E+003  0.31480506E-001
  0.70300000E+003  0.31596400E-001
  0.70400000E+003  0.31713183E-001
  0.70500000E+003  0.31830786E-001
  0.70600000E+003  0.31949142E-001
  0.70700000E+003  0.32068184E-001
  0.70800000E+003  0.32187843E-001
  0.70900000E+003  0.32308052E-001
  0.71000000E+003  0.32428743E-001
  0.71100000E+003  0.32549848E-001
  0.71200000E+003  0.32671301E-001
  0.71300000E+003  0.32793032E-001
  0.71400000E+003  0.32914974E-001
  0.71500000E+003  0.33037060E-001
  0.71600000E+003  0.33159222E-001
  0.71700000E+003  0.33281392E-001
  0.71800000E+003  0.33403502E-001
  0.71900000E+003  0.33525485E-001
  0.72000000E+003  0.33647273E-001
  0.72100000E+003  0.33768798E-001
  0.72200000E+003  0.33889992E-001
  0.72300000E+003  0.34010788E-001
  0.72400000E+003  0.34131118E-001
  0.72500000E+003  0.34250915E-001
  0.72600000E+003  0.34370110E-001
  0.72700000E+003  0.34488636E-001
  0.72800000E+003  0.34606424E-001
  0.72900000E+003  0.34723409E-001
  0.73000000E+003  0.34839521E-001
  0.73100000E+003  0.34954693E-001
  0.73200000E+003  0.35068857E-001
  0.73300000E+003  0.35181946E-001
  0.73400000E+003  0.35293891E-001
  0.73500000E+003  0.35404626E-001
  0.73600000E+003  0.35514082E-001
  0.73700000E+003  0.35622191E-001
  0.73800000E+003  0.35728886E-001
  0.73900000E+003  0.35834100E-001
  0.74000000E+003  0.35937764E-001
  0.74100000E+003  0.36039811E-001
  0.74200000E+003  0.36140172E-001
  0.74300000E+003  0.36238781E-001
  0.74400000E+003  0.36335570E-001
  0.74500000E+003  0.36430470E-001
  0.74600000E+003  0.36523415E-001
  0.74700000E+003  0.36614335E-001
  0.74800000E+003  0.36703165E-001
  0.74900000E+003  0.36789835E-001
  0.75000000E+003  0.36874279E-001
  0.75100000E+003  0.36956436E-001
  0.75200000E+003  0.37036281E-001
  0.75300000E+003  0.37113793E-001
  0.75400000E+003  0.37188955E-001
  0.75500000E+003  0.37261748E-001
  0.75600000E+003  0.37332153E-001
  0.75700000E+003  0.37400151E-001
  0.75800000E+003  0.37465725E-001
  0.75900000E+003  0.37528855E-001
  0.76000000E+003  0.37589522E-001
  0.76100000E+003  0.37647709E-001
  0.76200000E+003  0.37703396E-001
  0.76300000E+003  0.37756564E-001
  0.76400000E+003  0.37807196E-001
  0.76500000E+003  0.37855272E-001
  0.76600000E+003  0.37900774E-001
  0.76700000E+003  0.37943683E-001
  0.76800000E+003  0.37983980E-001
  0.76900000E+003  0.38021647E-001
  0.77000000E+003  0.38056666E-001
  0.77100000E+003  0.38089017E-001
  0.77200000E+003  0.38118681E-001
  0.77300000E+003  0.38145641E-001
  0.77400000E+003  0.38169878E-001
  0.77500000E+003  0.38191373E-001
  0.77600000E+003  0.38210106E-001
  0.77700000E+003  0.38226061E-001
  0.77800000E+003  0.38239217E-001
  0.77900000E+003  0.38249557E-001
  0.78000000E+003  0.38257061E-001
  0.78100000E+003  0.38261712E-001
  0.78200000E+003  0.38263490E-001
  0.78300000E+003  0.38262376E-001
  0.78400000E+003  0.38258353E-001
  0.78500000E+003  0.38251401E-001
  0.78600000E+003  0.38241502E-001
  0.78700000E+003  0.38228637E-001
  0.78800000E+003  0.38212787E-001
  0.78900000E+003  0.38193935E-001
  0.79000000E+003  0.38172060E-001
  0.79100000E+003  0.38147145E-001
  0.79200000E+003  0.38119171E-001
  0.79300000E+003  0.38088120E-001
  0.79400000E+003  0.38053971E-001
  0.79500000E+003  0.38016708E-001
  0.79600000E+003  0.37976311E-001
  0.79700000E+003  0.37932762E-001
  0.79800000E+003  0.37886042E-001
  0.79900000E+003  0.37836132E-001
  0.80000000E+003  0.37783014E-001
  0.80100000E+003  0.37726679E-001
  0.80200000E+003  0.37667162E-001
  0.80300000E+003  0.37604506E-001
  0.80400000E+003  0.37538756E-001
  0.80500000E+003  0.37469955E-001
  0.80600000E+003  0.37398148E-001
  0.80700000E+003  0.37323380E-001
  0.80800000E+003  0.37245694E-001
  0.80900000E+003  0.37165134E-001
  0.81000000E+003  0.37081744E-001
  0.81100000E+003  0.36995570E-001
  0.81200000E+003  0.36906654E-001
  0.81300000E+003  0.36815042E-001
  0.81400000E+003  0.36720776E-001
  0.81500000E+003  0.36623903E-001
  0.81600000E+003  0.36524465E-001
  0.81700000E+003  0.36422506E-001
  0.81800000E+003  0.36318072E-001
  0.81900000E+003  0.36211206E-001
  0.82000000E+003  0.36101952E-001
  0.82100000E+003  0.35990355E-001
  0.82200000E+003  0.35876458E-001
  0.82300000E+003  0.35760306E-001
  0.82400000E+003  0.35641943E-001
  0.82500000E+003  0.35521413E-001
  0.82600000E+003  0.35398761E-001
  0.82700000E+003  0.35274030E-001
  0.82800000E+003  0.35147265E-001
  0.82900000E+003  0.35018509E-001
  0.83000000E+003  0.34887808E-001
  0.83100000E+003  0.34755205E-001
  0.83200000E+003  0.34620744E-001
  0.83300000E+003  0.34484470E-001
  0.83400000E+003  0.34346426E-001
  0.83500000E+003  0.34206658E-001
  0.83600000E+003  0.34065208E-001
  0.83700000E+003  0.33922122E-001
  0.83800000E+003  0.33777443E-001
  0.83900000E+003  0.33631215E-001
  0.84000000E+003  0.33483484E-001
  0.84100000E+003  0.33334292E-001
  0.84200000E+003  0.33183684E-001
  0.84300000E+003  0.33031705E-001
  0.84400000E+003  0.32878397E-001
  0.84500000E+003  0.32723807E-001
  0.84600000E+003  0.32567977E-001
  0.84700000E+003  0.32410952E-001
  0.84800000E+003  0.32252777E-001
  0.84900000E+003  0.32093494E-001
  0.85000000E+003  0.31933149E-001
  0.85100000E+003  0.31771788E-001
  0.85200000E+003  0.31609466E-001
  0.85300000E+003  0.31446239E-001
  0.85400000E+003  0.31282165E-001
  0.85500000E+003  0.31117302E-001
  0.85600000E+003  0.30951705E-001
  0.85700000E+003  0.30785433E-001
  0.85800000E+003  0.30618542E-001
  0.85900000E+003  0.30451090E-001
  0.86000000E+003  0.30283133E-001
  0.86100000E+003  0.30114728E-001
  0.86200000E+003  0.29945934E-001
  0.86300000E+003  0.29776806E-001
  0.86400000E+003  0.29607403E-001
  0.86500000E+003  0.29437780E-001
  0.86600000E+003  0.29267996E-001
  0.86700000E+003  0.29098107E-001
  0.86800000E+003  0.28928171E-001
  0.86900000E+003  0.28758244E-001
  0.87000000E+003  0.28588383E-001
  0.87100000E+003  0.28418647E-001
  0.87200000E+003  0.28249091E-001
  0.87300000E+003  0.28079773E-001
  0.87400000E+003  0.27910750E-001
  0.87500000E+003  0.27742079E-001
  0.87600000E+003  0.27573818E-001
  0.87700000E+003  0.27406023E-001
  0.87800000E+003  0.27238751E-001
  0.87900000E+003  0.27072060E-001
  0.88000000E+003  0.26906007E-001
  0.88100000E+003  0.26740649E-001
  0.88200000E+003  0.26576042E-001
  0.88300000E+003  0.26412245E-001
  0.88400000E+003  0.26249313E-001
  0.88500000E+003  0.26087305E-001
  0.88600000E+003  0.25926277E-001
  0.88700000E+003  0.25766286E-001
  0.88800000E+003  0.25607391E-001
  0.88900000E+003  0.25449646E-001
  0.89000000E+003  0.25293111E-001
  0.89100000E+003  0.25137841E-001
  0.89200000E+003  0.24983894E-001
  0.89300000E+003  0.24831327E-001
  0.89400000E+003  0.24680198E-001
  0.89500000E+003  0.24530563E-001
  0.89600000E+003  0.24382479E-001
  0.89700000E+003  0.24236004E-001
  0.89800000E+003  0.24091194E-001
  0.89900000E+003  0.23948107E-001
  0.90000000E+003  0.23806799E-001
  0.90100000E+003  0.23667322E-001
  0.90200000E+003  0.23529698E-001
  0.90300000E+003  0.23393942E-001
  0.90400000E+003  0.23260071E-001
  0.90500000E+003  0.23128101E-001
  0.90600000E+003  0.22998047E-001
  0.90700000E+003  0.22869926E-001
  0.90800000E+003  0.22743753E-001
  0.90900000E+003  0.22619544E-001
  0.91000000E+003  0.22497315E-001
  0.91100000E+003  0.22377083E-001
  0.91200000E+003  0.22258862E-001
  0.91300000E+003  0.22142670E-001
  0.91400000E+003  0.22028521E-001
  0.91500000E+003  0.21916432E-001
  0.91600000E+003  0.21806419E-001
  0.91700000E+003  0.21698498E-001
  0.91800000E+003  0.21592684E-001
  0.91900000E+003  0.21488993E-001
  0.92000000E+003  0.21387442E-001
  0.92100000E+003  0.21288046E-001
  0.92200000E+003  0.21190821E-001
  0.92300000E+003  0.21095784E-001
  0.92400000E+003  0.21002949E-001
  0.92500000E+003  0.20912334E-001
  0.92600000E+003  0.20823954E-001
  0.92700000E+003  0.20737824E-001
  0.92800000E+003  0.20653961E-001
  0.92900000E+003  0.20572381E-001
  0.93000000E+003  0.20493099E-001
  0.93100000E+003  0.20416132E-001
  0.93200000E+003  0.20341495E-001
  0.93300000E+003  0.20269204E-001
  0.93400000E+003  0.20199276E-001
  0.93500000E+003  0.20131726E-001
  0.93600000E+003  0.20066570E-001
  0.93700000E+003  0.20003824E-001
  0.93800000E+003  0.19943504E-001
  0.93900000E+003  0.19885626E-001
  0.94000000E+003  0.19830205E-001
  0.94100000E+003  0.19777259E-001
  0.94200000E+003  0.19726802E-001
  0.94300000E+003  0.19678850E-001
  0.94400000E+003  0.19633420E-001
  0.94500000E+003  0.19590527E-001
  0.94600000E+003  0.19550188E-001
  0.94700000E+003  0.19512417E-001
  0.94800000E+003  0.19477232E-001
  0.94900000E+003  0.19444648E-001
  0.95000000E+003  0.19414681E-001
  0.95100000E+003  0.19387338E-001
  0.95200000E+003  0.19362592E-001
  0.95300000E+003  0.19340407E-001
  0.95400000E+003  0.19320747E-001
  0.95500000E+003  0.19303575E-001
  0.95600000E+003  0.19288856E-001
  0.95700000E+003  0.19276554E-001
  0.95800000E+003  0.19266633E-001
  0.95900000E+003  0.19259056E-001
  0.96000000E+003  0.19253788E-001
  0.96100000E+003  0.19250793E-001
  0.96200000E+003  0.19250034E-001
  0.96300000E+003  0.19251476E-001
  0.96400000E+003  0.19255082E-001
  0.96500000E+003  0.19260817E-001
  0.96600000E+003  0.19268644E-001
  0.96700000E+003  0.19278528E-001
  0.96800000E+003  0.19290432E-001
  0.96900000E+003  0.19304321E-001
  0.97000000E+003  0.19320158E-001
  0.97100000E+003  0.19337907E-001
  0.97200000E+003  0.19357533E-001
  0.97300000E+003  0.19378999E-001
  0.97400000E+003  0.19402269E-001
  0.97500000E+003  0.19427308E-001
  0.97600000E+003  0.19454079E-001
  0.97700000E+003  0.19482546E-001
  0.97800000E+003  0.19512673E-001
  0.97900000E+003  0.19544425E-001
  0.98000000E+003  0.19577764E-001
  0.98100000E+003  0.19612656E-001
  0.98200000E+003  0.19649064E-001
  0.98300000E+003  0.19686952E-001
  0.98400000E+003  0.19726283E-001
  0.98500000E+003  0.19767023E-001
  0.98600000E+003  0.19809135E-001
  0.98700000E+003  0.19852583E-001
  0.98800000E+003  0.19897331E-001
  0.98900000E+003  0.19943342E-001
  0.99000000E+003  0.19990582E-001
  0.99100000E+003  0.20039013E-001
  0.99200000E+003  0.20088600E-001
  0.99300000E+003  0.20139307E-001
  0.99400000E+003  0.20191098E-001
  0.99500000E+003  0.20243937E-001
  0.99600000E+003  0.20297787E-001
  0.99700000E+003  0.20352613E-001
  0.99800000E+003  0.20408379E-001
  0.99900000E+003  0.20465048E-001
  0.10000000E+004  0.20522585E-001
  0.10010000E+004  0.20580952E-001
  0.10020000E+004  0.20640107E-001
  0.10030000E+004  0.20700006E-001
  0.10040000E+004  0.20760606E-001
  0.10050000E+004  0.20821862E-001
  0.10060000E+004  0.20883731E-001
  0.10070000E+004  0.20946170E-001
  0.10080000E+004  0.21009134E-001
  0.10090000E+004  0.21072579E-001
  0.10100000E+004  0.21136463E-001
  0.10110000E+004  0.21200741E-001
  0.10120000E+004  0.21265370E-001
  0.10130000E+004  0.21330305E-001
  0.10140000E+004  0.21395504E-001
  0.10150000E+004  0.21460922E-001
  0.10160000E+004  0.21526515E-001
  0.10170000E+004  0.21592241E-001
  0.10180000E+004  0.21658055E-001
  0.10190000E+004  0.21723913E-001
  0.10200000E+004  0.21789772E-001
  0.10210000E+004  0.21855588E-001
  0.10220000E+004  0.21921317E-001
  0.10230000E+004  0.21986916E-001
  0.10240000E+004  0.22052341E-001
  0.10250000E+004  0.22117547E-001
  0.10260000E+004  0.22182493E-001
  0.10270000E+004  0.22247132E-001
  0.10280000E+004  0.22311423E-001
  0.10290000E+004  0.22375321E-001
  0.10300000E+004  0.22438782E-001
  0.10310000E+004  0.22501763E-001
  0.10320000E+004  0.22564220E-001
  0.10330000E+004  0.22626109E-001
  0.10340000E+004  0.22687387E-001
  0.10350000E+004  0.22748010E-001
  0.10360000E+004  0.22807934E-001
  0.10370000E+004  0.22867115E-001
  0.10380000E+004  0.22925509E-001
  0.10390000E+004  0.22983074E-001
  0.10400000E+004  0.23039765E-001
  0.10410000E+004  0.23095538E-001
  0.10420000E+004  0.23150350E-001
  0.10430000E+004  0.23204156E-001
  0.10440000E+004  0.23256915E-001
  0.10450000E+004  0.23308580E-001
  0.10460000E+004  0.23359109E-001
  0.10470000E+004  0.23408459E-001
  0.10480000E+004  0.23456585E-001
  0.10490000E+004  0.23503443E-001
  0.10500000E+004  0.23548990E-001
  0.10510000E+004  0.23593188E-001
  0.10520000E+004  0.23636021E-001
  0.10530000E+004  0.23677477E-001
  0.10540000E+004  0.23717548E-001
  0.10550000E+004  0.23756221E-001
  0.10560000E+004  0.23793486E-001
  0.10570000E+004  0.23829334E-001
  0.10580000E+004  0.23863753E-001
  0.10590000E+004  0.23896733E-001
  0.10600000E+004  0.23928263E-001
  0.10610000E+004  0.23958333E-001
  0.10620000E+004  0.23986932E-001
  0.10630000E+004  0.24014051E-001
  0.10640000E+004  0.24039677E-001
  0.10650000E+004  0.24063801E-001
  0.10660000E+004  0.24086412E-001
  0.10670000E+004  0.24107500E-001
  0.10680000E+004  0.24127054E-001
  0.10690000E+004  0.24145063E-001
  0.10700000E+004  0.24161518E-001
  0.10710000E+004  0.24176407E-001
  0.10720000E+004  0.24189719E-001
  0.10730000E+004  0.24201446E-001
  0.10740000E+004  0.24211575E-001
  0.10750000E+004  0.24220097E-001
  0.10760000E+004  0.24227000E-001
  0.10770000E+004  0.24232275E-001
  0.10780000E+004  0.24235910E-001
  0.10790000E+004  0.24237896E-001
  0.10800000E+004  0.24238221E-001
  0.10810000E+004  0.24236876E-001
  0.10820000E+004  0.24233849E-001
  0.10830000E+004  0.24229131E-001
  0.10840000E+004  0.24222710E-001
  0.10850000E+004  0.24214576E-001
  0.10860000E+004  0.24204718E-001
  0.10870000E+004  0.24193126E-001
  0.10880000E+004  0.24179790E-001
  0.10890000E+004  0.24164699E-001
  0.10900000E+004  0.24147842E-001
  0.10910000E+004  0.24129209E-001
  0.10920000E+004  0.24108790E-001
  0.10930000E+004  0.24086573E-001
  0.10940000E+004  0.24062548E-001
  0.10950000E+004  0.24036705E-001
  0.10960000E+004  0.24009034E-001
  0.10970000E+004  0.23979522E-001
  0.10980000E+004  0.23948162E-001
  0.10990000E+004  0.23914940E-001
  0.11000000E+004  0.23879848E-001
  0.11010000E+004  0.23842882E-001
  0.11020000E+004  0.23804070E-001
  0.11030000E+004  0.23763449E-001
  0.11040000E+004  0.23721055E-001
  0.11050000E+004  0.23676924E-001
  0.11060000E+004  0.23631092E-001
  0.11070000E+004  0.23583594E-001
  0.11080000E+004  0.23534467E-001
  0.11090000E+004  0.23483748E-001
  0.11100000E+004  0.23431471E-001
  0.11110000E+004  0.23377674E-001
  0.11120000E+004  0.23322391E-001
  0.11130000E+004  0.23265660E-001
  0.11140000E+004  0.23207517E-001
  0.11150000E+004  0.23147996E-001
  0.11160000E+004  0.23087136E-001
  0.11170000E+004  0.23024970E-001
  0.11180000E+004  0.22961536E-001
  0.11190000E+004  0.22896870E-001
  0.11200000E+004  0.22831008E-001
  0.11210000E+004  0.22763985E-001
  0.11220000E+004  0.22695838E-001
  0.11230000E+004  0.22626603E-001
  0.11240000E+004  0.22556316E-001
  0.11250000E+004  0.22485013E-001
  0.11260000E+004  0.22412730E-001
  0.11270000E+004  0.22339503E-001
  0.11280000E+004  0.22265368E-001
  0.11290000E+004  0.22190362E-001
  0.11300000E+004  0.22114519E-001
  0.11310000E+004  0.22037878E-001
  0.11320000E+004  0.21960472E-001
  0.11330000E+004  0.21882339E-001
  0.11340000E+004  0.21803515E-001
  0.11350000E+004  0.21724035E-001
  0.11360000E+004  0.21643936E-001
  0.11370000E+004  0.21563254E-001
  0.11380000E+004  0.21482024E-001
  0.11390000E+004  0.21400283E-001
  0.11400000E+004  0.21318067E-001
  0.11410000E+004  0.21235413E-001
  0.11420000E+004  0.21152355E-001
  0.11430000E+004  0.21068930E-001
  0.11440000E+004  0.20985175E-001
  0.11450000E+004  0.20901124E-001
  0.11460000E+004  0.20816815E-001
  0.11470000E+004  0.20732284E-001
  0.11480000E+004  0.20647565E-001
  0.11490000E+004  0.20562697E-001
  0.11500000E+004  0.20477713E-001
  0.11510000E+004  0.20392646E-001
  0.11520000E+004  0.20307502E-001
  0.11530000E+004  0.20222282E-001
  0.11540000E+004  0.20136989E-001
  0.11550000E+004  0.20051623E-001
  0.11560000E+004  0.19966187E-001
  0.11570000E+004  0.19880682E-001
  0.11580000E+004  0.19795110E-001
  0.11590000E+004  0.19709472E-001
  0.11600000E+004  0.19623769E-001
  0.11610000E+004  0.19538004E-001
  0.11620000E+004  0.19452178E-001
  0.11630000E+004  0.19366292E-001
  0.11640000E+004  0.19280348E-001
  0.11650000E+004  0.19194347E-001
  0.11660000E+004  0.19108292E-001
  0.11670000E+004  0.19022183E-001
  0.11680000E+004  0.18936023E-001
  0.11690000E+004  0.18849812E-001
  0.11700000E+004  0.18763553E-001
  0.11710000E+004  0.18677246E-001
  0.11720000E+004  0.18590895E-001
  0.11730000E+004  0.18504499E-001
  0.11740000E+004  0.18418061E-001
  0.11750000E+004  0.18331582E-001
  0.11760000E+004  0.18245064E-001
  0.11770000E+004  0.18158509E-001
  0.11780000E+004  0.18071917E-001
  0.11790000E+004  0.17985291E-001
  0.11800000E+004  0.17898631E-001
  0.11810000E+004  0.17811941E-001
  0.11820000E+004  0.17725221E-001
  0.11830000E+004  0.17638472E-001
  0.11840000E+004  0.17551697E-001
  0.11850000E+004  0.17464897E-001
  0.11860000E+004  0.17378073E-001
  0.11870000E+004  0.17291227E-001
  0.11880000E+004  0.17204361E-001
  0.11890000E+004  0.17117476E-001
  0.11900000E+004  0.17030574E-001
  0.11910000E+004  0.16943656E-001
  0.11920000E+004  0.16856724E-001
  0.11930000E+004  0.16769780E-001
  0.11940000E+004  0.16682824E-001
  0.11950000E+004  0.16595859E-001
  0.11960000E+004  0.16508886E-001
  0.11970000E+004  0.16421907E-001
  0.11980000E+004  0.16334924E-001
  0.11990000E+004  0.16247937E-001
  0.12000000E+004  0.16160948E-001
