  0.10000000E+001  0.71698978E-002
  0.20000000E+001  0.54162466E-002
  0.30000000E+001  0.36625954E-002
  0.40000000E+001  0.34674843E-002
  0.50000000E+001  0.35808412E-002
  0.60000000E+001  0.36601796E-002
  0.70000000E+001  0.37726169E-002
  0.80000000E+001  0.39066310E-002
  0.90000000E+001  0.40372653E-002
  0.10000000E+002  0.41644643E-002
  0.11000000E+002  0.42930531E-002
  0.12000000E+002  0.44224779E-002
  0.13000000E+002  0.45511581E-002
  0.14000000E+002  0.46787854E-002
  0.15000000E+002  0.48053692E-002
  0.16000000E+002  0.49309192E-002
  0.17000000E+002  0.50554452E-002
  0.18000000E+002  0.51789569E-002
  0.19000000E+002  0.53014641E-002
  0.20000000E+002  0.54229765E-002
  0.21000000E+002  0.55435112E-002
  0.22000000E+002  0.56631142E-002
  0.23000000E+002  0.57818390E-002
  0.24000000E+002  0.58997389E-002
  0.25000000E+002  0.60168673E-002
  0.26000000E+002  0.61332775E-002
  0.27000000E+002  0.62490230E-002
  0.28000000E+002  0.63641571E-002
  0.29000000E+002  0.64787332E-002
  0.30000000E+002  0.65928047E-002
  0.31000000E+002  0.67064237E-002
  0.32000000E+002  0.68196382E-002
  0.33000000E+002  0.69324946E-002
  0.34000000E+002  0.70450397E-002
  0.35000000E+002  0.71573201E-002
  0.36000000E+002  0.72693823E-002
  0.37000000E+002  0.73812731E-002
  0.38000000E+002  0.74930391E-002
  0.39000000E+002  0.76047268E-002
  0.40000000E+002  0.77163830E-002
  0.41000000E+002  0.78280546E-002
  0.42000000E+002  0.79397900E-002
  0.43000000E+002  0.80516379E-002
  0.44000000E+002  0.81636471E-002
  0.45000000E+002  0.82758664E-002
  0.46000000E+002  0.83883444E-002
  0.47000000E+002  0.85011299E-002
  0.48000000E+002  0.86142716E-002
  0.49000000E+002  0.87278183E-002
  0.50000000E+002  0.88418187E-002
  0.51000000E+002  0.89563203E-002
  0.52000000E+002  0.90713655E-002
  0.53000000E+002  0.91869953E-002
  0.54000000E+002  0.93032508E-002
  0.55000000E+002  0.94201732E-002
  0.56000000E+002  0.95378036E-002
  0.57000000E+002  0.96561831E-002
  0.58000000E+002  0.97753527E-002
  0.59000000E+002  0.98953536E-002
  0.60000000E+002  0.10016227E-001
  0.61000000E+002  0.10138012E-001
  0.62000000E+002  0.10260741E-001
  0.63000000E+002  0.10384445E-001
  0.64000000E+002  0.10509153E-001
  0.65000000E+002  0.10634898E-001
  0.66000000E+002  0.10761709E-001
  0.67000000E+002  0.10889616E-001
  0.68000000E+002  0.11018651E-001
  0.69000000E+002  0.11148844E-001
  0.70000000E+002  0.11280226E-001
  0.71000000E+002  0.11412824E-001
  0.72000000E+002  0.11546658E-001
  0.73000000E+002  0.11681743E-001
  0.74000000E+002  0.11818097E-001
  0.75000000E+002  0.11955735E-001
  0.76000000E+002  0.12094674E-001
  0.77000000E+002  0.12234930E-001
  0.78000000E+002  0.12376519E-001
  0.79000000E+002  0.12519459E-001
  0.80000000E+002  0.12663764E-001
  0.81000000E+002  0.12809450E-001
  0.82000000E+002  0.12956519E-001
  0.83000000E+002  0.13104974E-001
  0.84000000E+002  0.13254814E-001
  0.85000000E+002  0.13406042E-001
  0.86000000E+002  0.13558658E-001
  0.87000000E+002  0.13712664E-001
  0.88000000E+002  0.13868061E-001
  0.89000000E+002  0.14024850E-001
  0.90000000E+002  0.14183032E-001
  0.91000000E+002  0.14342606E-001
  0.92000000E+002  0.14503560E-001
  0.93000000E+002  0.14665878E-001
  0.94000000E+002  0.14829545E-001
  0.95000000E+002  0.14994547E-001
  0.96000000E+002  0.15160868E-001
  0.97000000E+002  0.15328494E-001
  0.98000000E+002  0.15497409E-001
  0.99000000E+002  0.15667599E-001
  0.10000000E+003  0.15839048E-001
  0.10100000E+003  0.16011738E-001
  0.10200000E+003  0.16185641E-001
  0.10300000E+003  0.16360725E-001
  0.10400000E+003  0.16536956E-001
  0.10500000E+003  0.16714303E-001
  0.10600000E+003  0.16892733E-001
  0.10700000E+003  0.17072216E-001
  0.10800000E+003  0.17252717E-001
  0.10900000E+003  0.17434206E-001
  0.11000000E+003  0.17616651E-001
  0.11100000E+003  0.17800018E-001
  0.11200000E+003  0.17984276E-001
  0.11300000E+003  0.18169393E-001
  0.11400000E+003  0.18355336E-001
  0.11500000E+003  0.18542074E-001
  0.11600000E+003  0.18729575E-001
  0.11700000E+003  0.18917805E-001
  0.11800000E+003  0.19106733E-001
  0.11900000E+003  0.19296328E-001
  0.12000000E+003  0.19486556E-001
  0.12100000E+003  0.19677381E-001
  0.12200000E+003  0.19868751E-001
  0.12300000E+003  0.20060606E-001
  0.12400000E+003  0.20252890E-001
  0.12500000E+003  0.20445545E-001
  0.12600000E+003  0.20638513E-001
  0.12700000E+003  0.20831737E-001
  0.12800000E+003  0.21025158E-001
  0.12900000E+003  0.21218720E-001
  0.13000000E+003  0.21412364E-001
  0.13100000E+003  0.21606032E-001
  0.13200000E+003  0.21799668E-001
  0.13300000E+003  0.21993213E-001
  0.13400000E+003  0.22186610E-001
  0.13500000E+003  0.22379800E-001
  0.13600000E+003  0.22572727E-001
  0.13700000E+003  0.22765333E-001
  0.13800000E+003  0.22957559E-001
  0.13900000E+003  0.23149348E-001
  0.14000000E+003  0.23340643E-001
  0.14100000E+003  0.23531386E-001
  0.14200000E+003  0.23721518E-001
  0.14300000E+003  0.23910982E-001
  0.14400000E+003  0.24099719E-001
  0.14500000E+003  0.24287672E-001
  0.14600000E+003  0.24474781E-001
  0.14700000E+003  0.24660989E-001
  0.14800000E+003  0.24846238E-001
  0.14900000E+003  0.25030470E-001
  0.15000000E+003  0.25213625E-001
  0.15100000E+003  0.25395647E-001
  0.15200000E+003  0.25576477E-001
  0.15300000E+003  0.25756057E-001
  0.15400000E+003  0.25934328E-001
  0.15500000E+003  0.26111233E-001
  0.15600000E+003  0.26286713E-001
  0.15700000E+003  0.26460710E-001
  0.15800000E+003  0.26633167E-001
  0.15900000E+003  0.26804024E-001
  0.16000000E+003  0.26973224E-001
  0.16100000E+003  0.27140710E-001
  0.16200000E+003  0.27306430E-001
  0.16300000E+003  0.27470334E-001
  0.16400000E+003  0.27632372E-001
  0.16500000E+003  0.27792494E-001
  0.16600000E+003  0.27950650E-001
  0.16700000E+003  0.28106790E-001
  0.16800000E+003  0.28260862E-001
  0.16900000E+003  0.28412818E-001
  0.17000000E+003  0.28562607E-001
  0.17100000E+003  0.28710179E-001
  0.17200000E+003  0.28855483E-001
  0.17300000E+003  0.28998470E-001
  0.17400000E+003  0.29139090E-001
  0.17500000E+003  0.29277291E-001
  0.17600000E+003  0.29413025E-001
  0.17700000E+003  0.29546241E-001
  0.17800000E+003  0.29676888E-001
  0.17900000E+003  0.29804916E-001
  0.18000000E+003  0.29930276E-001
  0.18100000E+003  0.30052920E-001
  0.18200000E+003  0.30172806E-001
  0.18300000E+003  0.30289899E-001
  0.18400000E+003  0.30404159E-001
  0.18500000E+003  0.30515549E-001
  0.18600000E+003  0.30624031E-001
  0.18700000E+003  0.30729567E-001
  0.18800000E+003  0.30832120E-001
  0.18900000E+003  0.30931652E-001
  0.19000000E+003  0.31028124E-001
  0.19100000E+003  0.31121500E-001
  0.19200000E+003  0.31211740E-001
  0.19300000E+003  0.31298809E-001
  0.19400000E+003  0.31382666E-001
  0.19500000E+003  0.31463276E-001
  0.19600000E+003  0.31540599E-001
  0.19700000E+003  0.31614599E-001
  0.19800000E+003  0.31685237E-001
  0.19900000E+003  0.31752476E-001
  0.20000000E+003  0.31816277E-001
  0.20100000E+003  0.31876609E-001
  0.20200000E+003  0.31933465E-001
  0.20300000E+003  0.31986841E-001
  0.20400000E+003  0.32036737E-001
  0.20500000E+003  0.32083150E-001
  0.20600000E+003  0.32126079E-001
  0.20700000E+003  0.32165521E-001
  0.20800000E+003  0.32201476E-001
  0.20900000E+003  0.32233940E-001
  0.21000000E+003  0.32262912E-001
  0.21100000E+003  0.32288391E-001
  0.21200000E+003  0.32310374E-001
  0.21300000E+003  0.32328860E-001
  0.21400000E+003  0.32343847E-001
  0.21500000E+003  0.32355332E-001
  0.21600000E+003  0.32363314E-001
  0.21700000E+003  0.32367791E-001
  0.21800000E+003  0.32368762E-001
  0.21900000E+003  0.32366224E-001
  0.22000000E+003  0.32360175E-001
  0.22100000E+003  0.32350614E-001
  0.22200000E+003  0.32337539E-001
  0.22300000E+003  0.32320948E-001
  0.22400000E+003  0.32300839E-001
  0.22500000E+003  0.32277210E-001
  0.22600000E+003  0.32250064E-001
  0.22700000E+003  0.32219429E-001
  0.22800000E+003  0.32185334E-001
  0.22900000E+003  0.32147812E-001
  0.23000000E+003  0.32106894E-001
  0.23100000E+003  0.32062611E-001
  0.23200000E+003  0.32014994E-001
  0.23300000E+003  0.31964075E-001
  0.23400000E+003  0.31909885E-001
  0.23500000E+003  0.31852455E-001
  0.23600000E+003  0.31791818E-001
  0.23700000E+003  0.31728003E-001
  0.23800000E+003  0.31661043E-001
  0.23900000E+003  0.31590969E-001
  0.24000000E+003  0.31517812E-001
  0.24100000E+003  0.31441604E-001
  0.24200000E+003  0.31362376E-001
  0.24300000E+003  0.31280159E-001
  0.24400000E+003  0.31194985E-001
  0.24500000E+003  0.31106884E-001
  0.24600000E+003  0.31015889E-001
  0.24700000E+003  0.30922031E-001
  0.24800000E+003  0.30825341E-001
  0.24900000E+003  0.30725850E-001
  0.25000000E+003  0.30623590E-001
  0.25100000E+003  0.30518595E-001
  0.25200000E+003  0.30410910E-001
  0.25300000E+003  0.30300583E-001
  0.25400000E+003  0.30187663E-001
  0.25500000E+003  0.30072197E-001
  0.25600000E+003  0.29954235E-001
  0.25700000E+003  0.29833823E-001
  0.25800000E+003  0.29711010E-001
  0.25900000E+003  0.29585844E-001
  0.26000000E+003  0.29458374E-001
  0.26100000E+003  0.29328647E-001
  0.26200000E+003  0.29196712E-001
  0.26300000E+003  0.29062616E-001
  0.26400000E+003  0.28926408E-001
  0.26500000E+003  0.28788136E-001
  0.26600000E+003  0.28647848E-001
  0.26700000E+003  0.28505593E-001
  0.26800000E+003  0.28361417E-001
  0.26900000E+003  0.28215371E-001
  0.27000000E+003  0.28067501E-001
  0.27100000E+003  0.27917855E-001
  0.27200000E+003  0.27766483E-001
  0.27300000E+003  0.27613431E-001
  0.27400000E+003  0.27458749E-001
  0.27500000E+003  0.27302484E-001
  0.27600000E+003  0.27144688E-001
  0.27700000E+003  0.26985426E-001
  0.27800000E+003  0.26824768E-001
  0.27900000E+003  0.26662783E-001
  0.28000000E+003  0.26499541E-001
  0.28100000E+003  0.26335109E-001
  0.28200000E+003  0.26169558E-001
  0.28300000E+003  0.26002957E-001
  0.28400000E+003  0.25835374E-001
  0.28500000E+003  0.25666879E-001
  0.28600000E+003  0.25497541E-001
  0.28700000E+003  0.25327430E-001
  0.28800000E+003  0.25156614E-001
  0.28900000E+003  0.24985162E-001
  0.29000000E+003  0.24813145E-001
  0.29100000E+003  0.24640630E-001
  0.29200000E+003  0.24467687E-001
  0.29300000E+003  0.24294386E-001
  0.29400000E+003  0.24120795E-001
  0.29500000E+003  0.23946983E-001
  0.29600000E+003  0.23773021E-001
  0.29700000E+003  0.23598976E-001
  0.29800000E+003  0.23424918E-001
  0.29900000E+003  0.23250917E-001
  0.30000000E+003  0.23077041E-001
  0.30100000E+003  0.22903356E-001
  0.30200000E+003  0.22729910E-001
  0.30300000E+003  0.22556749E-001
  0.30400000E+003  0.22383918E-001
  0.30500000E+003  0.22211461E-001
  0.30600000E+003  0.22039424E-001
  0.30700000E+003  0.21867851E-001
  0.30800000E+003  0.21696789E-001
  0.30900000E+003  0.21526280E-001
  0.31000000E+003  0.21356372E-001
  0.31100000E+003  0.21187108E-001
  0.31200000E+003  0.21018534E-001
  0.31300000E+003  0.20850695E-001
  0.31400000E+003  0.20683636E-001
  0.31500000E+003  0.20517401E-001
  0.31600000E+003  0.20352036E-001
  0.31700000E+003  0.20187586E-001
  0.31800000E+003  0.20024096E-001
  0.31900000E+003  0.19861610E-001
  0.32000000E+003  0.19700174E-001
  0.32100000E+003  0.19539833E-001
  0.32200000E+003  0.19380632E-001
  0.32300000E+003  0.19222616E-001
  0.32400000E+003  0.19065830E-001
  0.32500000E+003  0.18910318E-001
  0.32600000E+003  0.18756126E-001
  0.32700000E+003  0.18603300E-001
  0.32800000E+003  0.18451883E-001
  0.32900000E+003  0.18301921E-001
  0.33000000E+003  0.18153459E-001
  0.33100000E+003  0.18006542E-001
  0.33200000E+003  0.17861215E-001
  0.33300000E+003  0.17717523E-001
  0.33400000E+003  0.17575510E-001
  0.33500000E+003  0.17435223E-001
  0.33600000E+003  0.17296706E-001
  0.33700000E+003  0.17160004E-001
  0.33800000E+003  0.17025162E-001
  0.33900000E+003  0.16892224E-001
  0.34000000E+003  0.16761237E-001
  0.34100000E+003  0.16632245E-001
  0.34200000E+003  0.16505293E-001
  0.34300000E+003  0.16380426E-001
  0.34400000E+003  0.16257690E-001
  0.34500000E+003  0.16137128E-001
  0.34600000E+003  0.16018786E-001
  0.34700000E+003  0.15902710E-001
  0.34800000E+003  0.15788943E-001
  0.34900000E+003  0.15677532E-001
  0.35000000E+003  0.15568521E-001
  0.35100000E+003  0.15461946E-001
  0.35200000E+003  0.15357808E-001
  0.35300000E+003  0.15256098E-001
  0.35400000E+003  0.15156807E-001
  0.35500000E+003  0.15059928E-001
  0.35600000E+003  0.14965451E-001
  0.35700000E+003  0.14873368E-001
  0.35800000E+003  0.14783670E-001
  0.35900000E+003  0.14696350E-001
  0.36000000E+003  0.14611398E-001
  0.36100000E+003  0.14528806E-001
  0.36200000E+003  0.14448565E-001
  0.36300000E+003  0.14370667E-001
  0.36400000E+003  0.14295104E-001
  0.36500000E+003  0.14221866E-001
  0.36600000E+003  0.14150946E-001
  0.36700000E+003  0.14082335E-001
  0.36800000E+003  0.14016023E-001
  0.36900000E+003  0.13952004E-001
  0.37000000E+003  0.13890267E-001
  0.37100000E+003  0.13830806E-001
  0.37200000E+003  0.13773610E-001
  0.37300000E+003  0.13718672E-001
  0.37400000E+003  0.13665984E-001
  0.37500000E+003  0.13615536E-001
  0.37600000E+003  0.13567320E-001
  0.37700000E+003  0.13521327E-001
  0.37800000E+003  0.13477550E-001
  0.37900000E+003  0.13435979E-001
  0.38000000E+003  0.13396606E-001
  0.38100000E+003  0.13359422E-001
  0.38200000E+003  0.13324419E-001
  0.38300000E+003  0.13291589E-001
  0.38400000E+003  0.13260923E-001
  0.38500000E+003  0.13232412E-001
  0.38600000E+003  0.13206048E-001
  0.38700000E+003  0.13181822E-001
  0.38800000E+003  0.13159726E-001
  0.38900000E+003  0.13139751E-001
  0.39000000E+003  0.13121889E-001
  0.39100000E+003  0.13106131E-001
  0.39200000E+003  0.13092469E-001
  0.39300000E+003  0.13080894E-001
  0.39400000E+003  0.13071397E-001
  0.39500000E+003  0.13063971E-001
  0.39600000E+003  0.13058606E-001
  0.39700000E+003  0.13055295E-001
  0.39800000E+003  0.13054028E-001
  0.39900000E+003  0.13054796E-001
  0.40000000E+003  0.13057593E-001
  0.40100000E+003  0.13062403E-001
  0.40200000E+003  0.13069188E-001
  0.40300000E+003  0.13077907E-001
  0.40400000E+003  0.13088516E-001
  0.40500000E+003  0.13100972E-001
  0.40600000E+003  0.13115233E-001
  0.40700000E+003  0.13131254E-001
  0.40800000E+003  0.13148994E-001
  0.40900000E+003  0.13168410E-001
  0.41000000E+003  0.13189458E-001
  0.41100000E+003  0.13212095E-001
  0.41200000E+003  0.13236279E-001
  0.41300000E+003  0.13261967E-001
  0.41400000E+003  0.13289115E-001
  0.41500000E+003  0.13317681E-001
  0.41600000E+003  0.13347622E-001
  0.41700000E+003  0.13378895E-001
  0.41800000E+003  0.13411456E-001
  0.41900000E+003  0.13445264E-001
  0.42000000E+003  0.13480274E-001
  0.42100000E+003  0.13516445E-001
  0.42200000E+003  0.13553733E-001
  0.42300000E+003  0.13592095E-001
  0.42400000E+003  0.13631488E-001
  0.42500000E+003  0.13671869E-001
  0.42600000E+003  0.13713196E-001
  0.42700000E+003  0.13755425E-001
  0.42800000E+003  0.13798514E-001
  0.42900000E+003  0.13842419E-001
  0.43000000E+003  0.13887098E-001
  0.43100000E+003  0.13932507E-001
  0.43200000E+003  0.13978604E-001
  0.43300000E+003  0.14025346E-001
  0.43400000E+003  0.14072689E-001
  0.43500000E+003  0.14120591E-001
  0.43600000E+003  0.14169010E-001
  0.43700000E+003  0.14217901E-001
  0.43800000E+003  0.14267222E-001
  0.43900000E+003  0.14316930E-001
  0.44000000E+003  0.14366982E-001
  0.44100000E+003  0.14417336E-001
  0.44200000E+003  0.14467947E-001
  0.44300000E+003  0.14518774E-001
  0.44400000E+003  0.14569773E-001
  0.44500000E+003  0.14620902E-001
  0.44600000E+003  0.14672117E-001
  0.44700000E+003  0.14723376E-001
  0.44800000E+003  0.14774635E-001
  0.44900000E+003  0.14825851E-001
  0.45000000E+003  0.14876983E-001
  0.45100000E+003  0.14927988E-001
  0.45200000E+003  0.14978838E-001
  0.45300000E+003  0.15029505E-001
  0.45400000E+003  0.15079961E-001
  0.45500000E+003  0.15130178E-001
  0.45600000E+003  0.15180131E-001
  0.45700000E+003  0.15229790E-001
  0.45800000E+003  0.15279129E-001
  0.45900000E+003  0.15328120E-001
  0.46000000E+003  0.15376736E-001
  0.46100000E+003  0.15424949E-001
  0.46200000E+003  0.15472731E-001
  0.46300000E+003  0.15520056E-001
  0.46400000E+003  0.15566896E-001
  0.46500000E+003  0.15613223E-001
  0.46600000E+003  0.15659010E-001
  0.46700000E+003  0.15704229E-001
  0.46800000E+003  0.15748854E-001
  0.46900000E+003  0.15792856E-001
  0.47000000E+003  0.15836208E-001
  0.47100000E+003  0.15878883E-001
  0.47200000E+003  0.15920854E-001
  0.47300000E+003  0.15962092E-001
  0.47400000E+003  0.16002570E-001
  0.47500000E+003  0.16042261E-001
  0.47600000E+003  0.16081138E-001
  0.47700000E+003  0.16119172E-001
  0.47800000E+003  0.16156338E-001
  0.47900000E+003  0.16192606E-001
  0.48000000E+003  0.16227950E-001
  0.48100000E+003  0.16262342E-001
  0.48200000E+003  0.16295755E-001
  0.48300000E+003  0.16328161E-001
  0.48400000E+003  0.16359533E-001
  0.48500000E+003  0.16389843E-001
  0.48600000E+003  0.16419064E-001
  0.48700000E+003  0.16447169E-001
  0.48800000E+003  0.16474129E-001
  0.48900000E+003  0.16499919E-001
  0.49000000E+003  0.16524509E-001
  0.49100000E+003  0.16547873E-001
  0.49200000E+003  0.16569983E-001
  0.49300000E+003  0.16590812E-001
  0.49400000E+003  0.16610333E-001
  0.49500000E+003  0.16628517E-001
  0.49600000E+003  0.16645338E-001
  0.49700000E+003  0.16660767E-001
  0.49800000E+003  0.16674778E-001
  0.49900000E+003  0.16687344E-001
  0.50000000E+003  0.16698435E-001
  0.50100000E+003  0.16708033E-001
  0.50200000E+003  0.16716143E-001
  0.50300000E+003  0.16722777E-001
  0.50400000E+003  0.16727948E-001
  0.50500000E+003  0.16731670E-001
  0.50600000E+003  0.16733954E-001
  0.50700000E+003  0.16734814E-001
  0.50800000E+003  0.16734262E-001
  0.50900000E+003  0.16732311E-001
  0.51000000E+003  0.16728974E-001
  0.51100000E+003  0.16724263E-001
  0.51200000E+003  0.16718192E-001
  0.51300000E+003  0.16710772E-001
  0.51400000E+003  0.16702017E-001
  0.51500000E+003  0.16691939E-001
  0.51600000E+003  0.16680552E-001
  0.51700000E+003  0.16667867E-001
  0.51800000E+003  0.16653898E-001
  0.51900000E+003  0.16638657E-001
  0.52000000E+003  0.16622157E-001
  0.52100000E+003  0.16604410E-001
  0.52200000E+003  0.16585430E-001
  0.52300000E+003  0.16565229E-001
  0.52400000E+003  0.16543821E-001
  0.52500000E+003  0.16521216E-001
  0.52600000E+003  0.16497429E-001
  0.52700000E+003  0.16472473E-001
  0.52800000E+003  0.16446358E-001
  0.52900000E+003  0.16419100E-001
  0.53000000E+003  0.16390710E-001
  0.53100000E+003  0.16361200E-001
  0.53200000E+003  0.16330585E-001
  0.53300000E+003  0.16298876E-001
  0.53400000E+003  0.16266086E-001
  0.53500000E+003  0.16232228E-001
  0.53600000E+003  0.16197314E-001
  0.53700000E+003  0.16161358E-001
  0.53800000E+003  0.16124372E-001
  0.53900000E+003  0.16086369E-001
  0.54000000E+003  0.16047361E-001
  0.54100000E+003  0.16007362E-001
  0.54200000E+003  0.15966383E-001
  0.54300000E+003  0.15924438E-001
  0.54400000E+003  0.15881540E-001
  0.54500000E+003  0.15837701E-001
  0.54600000E+003  0.15792933E-001
  0.54700000E+003  0.15747251E-001
  0.54800000E+003  0.15700665E-001
  0.54900000E+003  0.15653190E-001
  0.55000000E+003  0.15604838E-001
  0.55100000E+003  0.15555624E-001
  0.55200000E+003  0.15505577E-001
  0.55300000E+003  0.15454727E-001
  0.55400000E+003  0.15403106E-001
  0.55500000E+003  0.15350746E-001
  0.55600000E+003  0.15297676E-001
  0.55700000E+003  0.15243928E-001
  0.55800000E+003  0.15189534E-001
  0.55900000E+003  0.15134523E-001
  0.56000000E+003  0.15078929E-001
  0.56100000E+003  0.15022780E-001
  0.56200000E+003  0.14966109E-001
  0.56300000E+003  0.14908947E-001
  0.56400000E+003  0.14851325E-001
  0.56500000E+003  0.14793273E-001
  0.56600000E+003  0.14734824E-001
  0.56700000E+003  0.14676007E-001
  0.56800000E+003  0.14616855E-001
  0.56900000E+003  0.14557398E-001
  0.57000000E+003  0.14497667E-001
  0.57100000E+003  0.14437694E-001
  0.57200000E+003  0.14377509E-001
  0.57300000E+003  0.14317144E-001
  0.57400000E+003  0.14256629E-001
  0.57500000E+003  0.14195996E-001
  0.57600000E+003  0.14135276E-001
  0.57700000E+003  0.14074501E-001
  0.57800000E+003  0.14013700E-001
  0.57900000E+003  0.13952905E-001
  0.58000000E+003  0.13892148E-001
  0.58100000E+003  0.13831459E-001
  0.58200000E+003  0.13770870E-001
  0.58300000E+003  0.13710411E-001
  0.58400000E+003  0.13650113E-001
  0.58500000E+003  0.13590009E-001
  0.58600000E+003  0.13530128E-001
  0.58700000E+003  0.13470503E-001
  0.58800000E+003  0.13411163E-001
  0.58900000E+003  0.13352140E-001
  0.59000000E+003  0.13293466E-001
  0.59100000E+003  0.13235171E-001
  0.59200000E+003  0.13177287E-001
  0.59300000E+003  0.13119844E-001
  0.59400000E+003  0.13062873E-001
  0.59500000E+003  0.13006406E-001
  0.59600000E+003  0.12950474E-001
  0.59700000E+003  0.12895108E-001
  0.59800000E+003  0.12840339E-001
  0.59900000E+003  0.12786198E-001
  0.60000000E+003  0.12732717E-001
  0.60100000E+003  0.12679922E-001
  0.60200000E+003  0.12627831E-001
  0.60300000E+003  0.12576458E-001
  0.60400000E+003  0.12525816E-001
  0.60500000E+003  0.12475918E-001
  0.60600000E+003  0.12426778E-001
  0.60700000E+003  0.12378409E-001
  0.60800000E+003  0.12330825E-001
  0.60900000E+003  0.12284040E-001
  0.61000000E+003  0.12238067E-001
  0.61100000E+003  0.12192920E-001
  0.61200000E+003  0.12148612E-001
  0.61300000E+003  0.12105157E-001
  0.61400000E+003  0.12062567E-001
  0.61500000E+003  0.12020858E-001
  0.61600000E+003  0.11980042E-001
  0.61700000E+003  0.11940133E-001
  0.61800000E+003  0.11901144E-001
  0.61900000E+003  0.11863089E-001
  0.62000000E+003  0.11825981E-001
  0.62100000E+003  0.11789835E-001
  0.62200000E+003  0.11754663E-001
  0.62300000E+003  0.11720479E-001
  0.62400000E+003  0.11687296E-001
  0.62500000E+003  0.11655129E-001
  0.62600000E+003  0.11623991E-001
  0.62700000E+003  0.11593894E-001
  0.62800000E+003  0.11564854E-001
  0.62900000E+003  0.11536883E-001
  0.63000000E+003  0.11509994E-001
  0.63100000E+003  0.11484202E-001
  0.63200000E+003  0.11459520E-001
  0.63300000E+003  0.11435961E-001
  0.63400000E+003  0.11413539E-001
  0.63500000E+003  0.11392268E-001
  0.63600000E+003  0.11372160E-001
  0.63700000E+003  0.11353231E-001
  0.63800000E+003  0.11335492E-001
  0.63900000E+003  0.11318958E-001
  0.64000000E+003  0.11303642E-001
  0.64100000E+003  0.11289558E-001
  0.64200000E+003  0.11276719E-001
  0.64300000E+003  0.11265139E-001
  0.64400000E+003  0.11254831E-001
  0.64500000E+003  0.11245809E-001
  0.64600000E+003  0.11238087E-001
  0.64700000E+003  0.11231677E-001
  0.64800000E+003  0.11226594E-001
  0.64900000E+003  0.11222851E-001
  0.65000000E+003  0.11220461E-001
  0.65100000E+003  0.11219433E-001
  0.65200000E+003  0.11219754E-001
  0.65300000E+003  0.11221405E-001
  0.65400000E+003  0.11224369E-001
  0.65500000E+003  0.11228627E-001
  0.65600000E+003  0.11234160E-001
  0.65700000E+003  0.11240950E-001
  0.65800000E+003  0.11248980E-001
  0.65900000E+003  0.11258230E-001
  0.66000000E+003  0.11268683E-001
  0.66100000E+003  0.11280320E-001
  0.66200000E+003  0.11293122E-001
  0.66300000E+003  0.11307073E-001
  0.66400000E+003  0.11322153E-001
  0.66500000E+003  0.11338343E-001
  0.66600000E+003  0.11355627E-001
  0.66700000E+003  0.11373985E-001
  0.66800000E+003  0.11393399E-001
  0.66900000E+003  0.11413851E-001
  0.67000000E+003  0.11435322E-001
  0.67100000E+003  0.11457795E-001
  0.67200000E+003  0.11481251E-001
  0.67300000E+003  0.11505671E-001
  0.67400000E+003  0.11531038E-001
  0.67500000E+003  0.11557333E-001
  0.67600000E+003  0.11584538E-001
  0.67700000E+003  0.11612634E-001
  0.67800000E+003  0.11641604E-001
  0.67900000E+003  0.11671429E-001
  0.68000000E+003  0.11702090E-001
  0.68100000E+003  0.11733570E-001
  0.68200000E+003  0.11765850E-001
  0.68300000E+003  0.11798911E-001
  0.68400000E+003  0.11832736E-001
  0.68500000E+003  0.11867307E-001
  0.68600000E+003  0.11902604E-001
  0.68700000E+003  0.11938610E-001
  0.68800000E+003  0.11975306E-001
  0.68900000E+003  0.12012675E-001
  0.69000000E+003  0.12050697E-001
  0.69100000E+003  0.12089355E-001
  0.69200000E+003  0.12128629E-001
  0.69300000E+003  0.12168503E-001
  0.69400000E+003  0.12208958E-001
  0.69500000E+003  0.12249974E-001
  0.69600000E+003  0.12291535E-001
  0.69700000E+003  0.12333622E-001
  0.69800000E+003  0.12376216E-001
  0.69900000E+003  0.12419299E-001
  0.70000000E+003  0.12462853E-001
  0.70100000E+003  0.12506859E-001
  0.70200000E+003  0.12551290E-001
  0.70300000E+003  0.12596120E-001
  0.70400000E+003  0.12641323E-001
  0.70500000E+003  0.12686871E-001
  0.70600000E+003  0.12732738E-001
  0.70700000E+003  0.12778897E-001
  0.70800000E+003  0.12825321E-001
  0.70900000E+003  0.12871985E-001
  0.71000000E+003  0.12918859E-001
  0.71100000E+003  0.12965919E-001
  0.71200000E+003  0.13013138E-001
  0.71300000E+003  0.13060488E-001
  0.71400000E+003  0.13107942E-001
  0.71500000E+003  0.13155475E-001
  0.71600000E+003  0.13203059E-001
  0.71700000E+003  0.13250668E-001
  0.71800000E+003  0.13298275E-001
  0.71900000E+003  0.13345852E-001
  0.72000000E+003  0.13393374E-001
  0.72100000E+003  0.13440814E-001
  0.72200000E+003  0.13488144E-001
  0.72300000E+003  0.13535339E-001
  0.72400000E+003  0.13582370E-001
  0.72500000E+003  0.13629213E-001
  0.72600000E+003  0.13675839E-001
  0.72700000E+003  0.13722222E-001
  0.72800000E+003  0.13768336E-001
  0.72900000E+003  0.13814153E-001
  0.73000000E+003  0.13859646E-001
  0.73100000E+003  0.13904790E-001
  0.73200000E+003  0.13949558E-001
  0.73300000E+003  0.13993921E-001
  0.73400000E+003  0.14037855E-001
  0.73500000E+003  0.14081332E-001
  0.73600000E+003  0.14124324E-001
  0.73700000E+003  0.14166807E-001
  0.73800000E+003  0.14208752E-001
  0.73900000E+003  0.14250134E-001
  0.74000000E+003  0.14290924E-001
  0.74100000E+003  0.14331097E-001
  0.74200000E+003  0.14370626E-001
  0.74300000E+003  0.14409484E-001
  0.74400000E+003  0.14447644E-001
  0.74500000E+003  0.14485080E-001
  0.74600000E+003  0.14521765E-001
  0.74700000E+003  0.14557671E-001
  0.74800000E+003  0.14592773E-001
  0.74900000E+003  0.14627044E-001
  0.75000000E+003  0.14660456E-001
  0.75100000E+003  0.14692986E-001
  0.75200000E+003  0.14724622E-001
  0.75300000E+003  0.14755356E-001
  0.75400000E+003  0.14785177E-001
  0.75500000E+003  0.14814078E-001
  0.75600000E+003  0.14842049E-001
  0.75700000E+003  0.14869082E-001
  0.75800000E+003  0.14895167E-001
  0.75900000E+003  0.14920295E-001
  0.76000000E+003  0.14944458E-001
  0.76100000E+003  0.14967647E-001
  0.76200000E+003  0.14989852E-001
  0.76300000E+003  0.15011065E-001
  0.76400000E+003  0.15031277E-001
  0.76500000E+003  0.15050478E-001
  0.76600000E+003  0.15068660E-001
  0.76700000E+003  0.15085815E-001
  0.76800000E+003  0.15101932E-001
  0.76900000E+003  0.15117003E-001
  0.77000000E+003  0.15131020E-001
  0.77100000E+003  0.15143972E-001
  0.77200000E+003  0.15155852E-001
  0.77300000E+003  0.15166650E-001
  0.77400000E+003  0.15176357E-001
  0.77500000E+003  0.15184965E-001
  0.77600000E+003  0.15192464E-001
  0.77700000E+003  0.15198846E-001
  0.77800000E+003  0.15204101E-001
  0.77900000E+003  0.15208221E-001
  0.78000000E+003  0.15211197E-001
  0.78100000E+003  0.15213019E-001
  0.78200000E+003  0.15213679E-001
  0.78300000E+003  0.15213168E-001
  0.78400000E+003  0.15211476E-001
  0.78500000E+003  0.15208596E-001
  0.78600000E+003  0.15204518E-001
  0.78700000E+003  0.15199233E-001
  0.78800000E+003  0.15192731E-001
  0.78900000E+003  0.15185005E-001
  0.79000000E+003  0.15176046E-001
  0.79100000E+003  0.15165843E-001
  0.79200000E+003  0.15154389E-001
  0.79300000E+003  0.15141674E-001
  0.79400000E+003  0.15127690E-001
  0.79500000E+003  0.15112428E-001
  0.79600000E+003  0.15095877E-001
  0.79700000E+003  0.15078031E-001
  0.79800000E+003  0.15058879E-001
  0.79900000E+003  0.15038413E-001
  0.80000000E+003  0.15016624E-001
  0.80100000E+003  0.14993507E-001
  0.80200000E+003  0.14969076E-001
  0.80300000E+003  0.14943349E-001
  0.80400000E+003  0.14916346E-001
  0.80500000E+003  0.14888083E-001
  0.80600000E+003  0.14858580E-001
  0.80700000E+003  0.14827855E-001
  0.80800000E+003  0.14795925E-001
  0.80900000E+003  0.14762810E-001
  0.81000000E+003  0.14728527E-001
  0.81100000E+003  0.14693095E-001
  0.81200000E+003  0.14656532E-001
  0.81300000E+003  0.14618856E-001
  0.81400000E+003  0.14580087E-001
  0.81500000E+003  0.14540241E-001
  0.81600000E+003  0.14499338E-001
  0.81700000E+003  0.14457395E-001
  0.81800000E+003  0.14414431E-001
  0.81900000E+003  0.14370465E-001
  0.82000000E+003  0.14325514E-001
  0.82100000E+003  0.14279597E-001
  0.82200000E+003  0.14232731E-001
  0.82300000E+003  0.14184937E-001
  0.82400000E+003  0.14136231E-001
  0.82500000E+003  0.14086632E-001
  0.82600000E+003  0.14036158E-001
  0.82700000E+003  0.13984828E-001
  0.82800000E+003  0.13932660E-001
  0.82900000E+003  0.13879672E-001
  0.83000000E+003  0.13825883E-001
  0.83100000E+003  0.13771311E-001
  0.83200000E+003  0.13715973E-001
  0.83300000E+003  0.13659889E-001
  0.83400000E+003  0.13603077E-001
  0.83500000E+003  0.13545554E-001
  0.83600000E+003  0.13487340E-001
  0.83700000E+003  0.13428453E-001
  0.83800000E+003  0.13368911E-001
  0.83900000E+003  0.13308731E-001
  0.84000000E+003  0.13247933E-001
  0.84100000E+003  0.13186535E-001
  0.84200000E+003  0.13124555E-001
  0.84300000E+003  0.13062012E-001
  0.84400000E+003  0.12998923E-001
  0.84500000E+003  0.12935307E-001
  0.84600000E+003  0.12871183E-001
  0.84700000E+003  0.12806568E-001
  0.84800000E+003  0.12741481E-001
  0.84900000E+003  0.12675940E-001
  0.85000000E+003  0.12609963E-001
  0.85100000E+003  0.12543570E-001
  0.85200000E+003  0.12476783E-001
  0.85300000E+003  0.12409624E-001
  0.85400000E+003  0.12342115E-001
  0.85500000E+003  0.12274280E-001
  0.85600000E+003  0.12206142E-001
  0.85700000E+003  0.12137722E-001
  0.85800000E+003  0.12069044E-001
  0.85900000E+003  0.12000130E-001
  0.86000000E+003  0.11931004E-001
  0.86100000E+003  0.11861687E-001
  0.86200000E+003  0.11792202E-001
  0.86300000E+003  0.11722573E-001
  0.86400000E+003  0.11652821E-001
  0.86500000E+003  0.11582970E-001
  0.86600000E+003  0.11513042E-001
  0.86700000E+003  0.11443060E-001
  0.86800000E+003  0.11373047E-001
  0.86900000E+003  0.11303025E-001
  0.87000000E+003  0.11233017E-001
  0.87100000E+003  0.11163045E-001
  0.87200000E+003  0.11093133E-001
  0.87300000E+003  0.11023303E-001
  0.87400000E+003  0.10953577E-001
  0.87500000E+003  0.10883980E-001
  0.87600000E+003  0.10814532E-001
  0.87700000E+003  0.10745257E-001
  0.87800000E+003  0.10676177E-001
  0.87900000E+003  0.10607316E-001
  0.88000000E+003  0.10538696E-001
  0.88100000E+003  0.10470339E-001
  0.88200000E+003  0.10402269E-001
  0.88300000E+003  0.10334507E-001
  0.88400000E+003  0.10267078E-001
  0.88500000E+003  0.10200002E-001
  0.88600000E+003  0.10133304E-001
  0.88700000E+003  0.10067006E-001
  0.88800000E+003  0.10001130E-001
  0.88900000E+003  0.99356990E-002
  0.89000000E+003  0.98707360E-002
  0.89100000E+003  0.98062636E-002
  0.89200000E+003  0.97423044E-002
  0.89300000E+003  0.96788811E-002
  0.89400000E+003  0.96160165E-002
  0.89500000E+003  0.95537332E-002
  0.89600000E+003  0.94920539E-002
  0.89700000E+003  0.94310014E-002
  0.89800000E+003  0.93705982E-002
  0.89900000E+003  0.93108672E-002
  0.90000000E+003  0.92518309E-002
  0.90100000E+003  0.91935095E-002
  0.90200000E+003  0.91359122E-002
  0.90300000E+003  0.90790455E-002
  0.90400000E+003  0.90229161E-002
  0.90500000E+003  0.89675306E-002
  0.90600000E+003  0.89128957E-002
  0.90700000E+003  0.88590178E-002
  0.90800000E+003  0.88059036E-002
  0.90900000E+003  0.87535596E-002
  0.91000000E+003  0.87019926E-002
  0.91100000E+003  0.86512091E-002
  0.91200000E+003  0.86012157E-002
  0.91300000E+003  0.85520189E-002
  0.91400000E+003  0.85036254E-002
  0.91500000E+003  0.84560419E-002
  0.91600000E+003  0.84092748E-002
  0.91700000E+003  0.83633308E-002
  0.91800000E+003  0.83182165E-002
  0.91900000E+003  0.82739385E-002
  0.92000000E+003  0.82305034E-002
  0.92100000E+003  0.81879178E-002
  0.92200000E+003  0.81461882E-002
  0.92300000E+003  0.81053214E-002
  0.92400000E+003  0.80653238E-002
  0.92500000E+003  0.80262021E-002
  0.92600000E+003  0.79879630E-002
  0.92700000E+003  0.79506129E-002
  0.92800000E+003  0.79141585E-002
  0.92900000E+003  0.78786064E-002
  0.93000000E+003  0.78439632E-002
  0.93100000E+003  0.78102354E-002
  0.93200000E+003  0.77774298E-002
  0.93300000E+003  0.77455529E-002
  0.93400000E+003  0.77146112E-002
  0.93500000E+003  0.76846114E-002
  0.93600000E+003  0.76555602E-002
  0.93700000E+003  0.76274640E-002
  0.93800000E+003  0.76003295E-002
  0.93900000E+003  0.75741633E-002
  0.94000000E+003  0.75489720E-002
  0.94100000E+003  0.75247621E-002
  0.94200000E+003  0.75015404E-002
  0.94300000E+003  0.74793134E-002
  0.94400000E+003  0.74580876E-002
  0.94500000E+003  0.74378697E-002
  0.94600000E+003  0.74186664E-002
  0.94700000E+003  0.74004841E-002
  0.94800000E+003  0.73833295E-002
  0.94900000E+003  0.73672092E-002
  0.95000000E+003  0.73521297E-002
  0.95100000E+003  0.73380944E-002
  0.95200000E+003  0.73250929E-002
  0.95300000E+003  0.73131113E-002
  0.95400000E+003  0.73021360E-002
  0.95500000E+003  0.72921533E-002
  0.95600000E+003  0.72831493E-002
  0.95700000E+003  0.72751104E-002
  0.95800000E+003  0.72680229E-002
  0.95900000E+003  0.72618729E-002
  0.96000000E+003  0.72566467E-002
  0.96100000E+003  0.72523307E-002
  0.96200000E+003  0.72489110E-002
  0.96300000E+003  0.72463739E-002
  0.96400000E+003  0.72447057E-002
  0.96500000E+003  0.72438927E-002
  0.96600000E+003  0.72439211E-002
  0.96700000E+003  0.72447772E-002
  0.96800000E+003  0.72464472E-002
  0.96900000E+003  0.72489173E-002
  0.97000000E+003  0.72521740E-002
  0.97100000E+003  0.72562033E-002
  0.97200000E+003  0.72609917E-002
  0.97300000E+003  0.72665253E-002
  0.97400000E+003  0.72727903E-002
  0.97500000E+003  0.72797732E-002
  0.97600000E+003  0.72874600E-002
  0.97700000E+003  0.72958372E-002
  0.97800000E+003  0.73048909E-002
  0.97900000E+003  0.73146074E-002
  0.98000000E+003  0.73249729E-002
  0.98100000E+003  0.73359738E-002
  0.98200000E+003  0.73475963E-002
  0.98300000E+003  0.73598267E-002
  0.98400000E+003  0.73726511E-002
  0.98500000E+003  0.73860560E-002
  0.98600000E+003  0.74000275E-002
  0.98700000E+003  0.74145518E-002
  0.98800000E+003  0.74296154E-002
  0.98900000E+003  0.74452043E-002
  0.99000000E+003  0.74613049E-002
  0.99100000E+003  0.74779035E-002
  0.99200000E+003  0.74949863E-002
  0.99300000E+003  0.75125396E-002
  0.99400000E+003  0.75305495E-002
  0.99500000E+003  0.75490025E-002
  0.99600000E+003  0.75678847E-002
  0.99700000E+003  0.75871825E-002
  0.99800000E+003  0.76068820E-002
  0.99900000E+003  0.76269695E-002
  0.10000000E+004  0.76474314E-002
  0.10010000E+004  0.76682532E-002
  0.10020000E+004  0.76894183E-002
  0.10030000E+004  0.77109096E-002
  0.10040000E+004  0.77327097E-002
  0.10050000E+004  0.77548014E-002
  0.10060000E+004  0.77771676E-002
  0.10070000E+004  0.77997909E-002
  0.10080000E+004  0.78226542E-002
  0.10090000E+004  0.78457402E-002
  0.10100000E+004  0.78690317E-002
  0.10110000E+004  0.78925115E-002
  0.10120000E+004  0.79161623E-002
  0.10130000E+004  0.79399669E-002
  0.10140000E+004  0.79639081E-002
  0.10150000E+004  0.79879686E-002
  0.10160000E+004  0.80121313E-002
  0.10170000E+004  0.80363788E-002
  0.10180000E+004  0.80606940E-002
  0.10190000E+004  0.80850596E-002
  0.10200000E+004  0.81094584E-002
  0.10210000E+004  0.81338732E-002
  0.10220000E+004  0.81582867E-002
  0.10230000E+004  0.81826817E-002
  0.10240000E+004  0.82070410E-002
  0.10250000E+004  0.82313474E-002
  0.10260000E+004  0.82555835E-002
  0.10270000E+004  0.82797323E-002
  0.10280000E+004  0.83037764E-002
  0.10290000E+004  0.83276987E-002
  0.10300000E+004  0.83514819E-002
  0.10310000E+004  0.83751087E-002
  0.10320000E+004  0.83985620E-002
  0.10330000E+004  0.84218245E-002
  0.10340000E+004  0.84448790E-002
  0.10350000E+004  0.84677082E-002
  0.10360000E+004  0.84902950E-002
  0.10370000E+004  0.85126220E-002
  0.10380000E+004  0.85346722E-002
  0.10390000E+004  0.85564281E-002
  0.10400000E+004  0.85778727E-002
  0.10410000E+004  0.85989886E-002
  0.10420000E+004  0.86197587E-002
  0.10430000E+004  0.86401658E-002
  0.10440000E+004  0.86601925E-002
  0.10450000E+004  0.86798216E-002
  0.10460000E+004  0.86990360E-002
  0.10470000E+004  0.87178184E-002
  0.10480000E+004  0.87361516E-002
  0.10490000E+004  0.87540183E-002
  0.10500000E+004  0.87714014E-002
  0.10510000E+004  0.87882856E-002
  0.10520000E+004  0.88046645E-002
  0.10530000E+004  0.88205335E-002
  0.10540000E+004  0.88358882E-002
  0.10550000E+004  0.88507242E-002
  0.10560000E+004  0.88650369E-002
  0.10570000E+004  0.88788220E-002
  0.10580000E+004  0.88920749E-002
  0.10590000E+004  0.89047912E-002
  0.10600000E+004  0.89169664E-002
  0.10610000E+004  0.89285961E-002
  0.10620000E+004  0.89396758E-002
  0.10630000E+004  0.89502011E-002
  0.10640000E+004  0.89601674E-002
  0.10650000E+004  0.89695704E-002
  0.10660000E+004  0.89784055E-002
  0.10670000E+004  0.89866683E-002
  0.10680000E+004  0.89943544E-002
  0.10690000E+004  0.90014592E-002
  0.10700000E+004  0.90079783E-002
  0.10710000E+004  0.90139073E-002
  0.10720000E+004  0.90192417E-002
  0.10730000E+004  0.90239770E-002
  0.10740000E+004  0.90281088E-002
  0.10750000E+004  0.90316326E-002
  0.10760000E+004  0.90345439E-002
  0.10770000E+004  0.90368384E-002
  0.10780000E+004  0.90385114E-002
  0.10790000E+004  0.90395586E-002
  0.10800000E+004  0.90399755E-002
  0.10810000E+004  0.90397577E-002
  0.10820000E+004  0.90389006E-002
  0.10830000E+004  0.90373998E-002
  0.10840000E+004  0.90352509E-002
  0.10850000E+004  0.90324494E-002
  0.10860000E+004  0.90289908E-002
  0.10870000E+004  0.90248706E-002
  0.10880000E+004  0.90200845E-002
  0.10890000E+004  0.90146279E-002
  0.10900000E+004  0.90084964E-002
  0.10910000E+004  0.90016856E-002
  0.10920000E+004  0.89941908E-002
  0.10930000E+004  0.89860078E-002
  0.10940000E+004  0.89771321E-002
  0.10950000E+004  0.89675591E-002
  0.10960000E+004  0.89572844E-002
  0.10970000E+004  0.89463035E-002
  0.10980000E+004  0.89346121E-002
  0.10990000E+004  0.89222056E-002
  0.11000000E+004  0.89090795E-002
  0.11010000E+004  0.88952325E-002
  0.11020000E+004  0.88806750E-002
  0.11030000E+004  0.88654206E-002
  0.11040000E+004  0.88494828E-002
  0.11050000E+004  0.88328751E-002
  0.11060000E+004  0.88156111E-002
  0.11070000E+004  0.87977044E-002
  0.11080000E+004  0.87791684E-002
  0.11090000E+004  0.87600166E-002
  0.11100000E+004  0.87402628E-002
  0.11110000E+004  0.87199202E-002
  0.11120000E+004  0.86990026E-002
  0.11130000E+004  0.86775234E-002
  0.11140000E+004  0.86554961E-002
  0.11150000E+004  0.86329344E-002
  0.11160000E+004  0.86098517E-002
  0.11170000E+004  0.85862616E-002
  0.11180000E+004  0.85621776E-002
  0.11190000E+004  0.85376132E-002
  0.11200000E+004  0.85125820E-002
  0.11210000E+004  0.84870975E-002
  0.11220000E+004  0.84611733E-002
  0.11230000E+004  0.84348228E-002
  0.11240000E+004  0.84080597E-002
  0.11250000E+004  0.83808974E-002
  0.11260000E+004  0.83533495E-002
  0.11270000E+004  0.83254295E-002
  0.11280000E+004  0.82971510E-002
  0.11290000E+004  0.82685275E-002
  0.11300000E+004  0.82395726E-002
  0.11310000E+004  0.82102997E-002
  0.11320000E+004  0.81807224E-002
  0.11330000E+004  0.81508542E-002
  0.11340000E+004  0.81207087E-002
  0.11350000E+004  0.80902994E-002
  0.11360000E+004  0.80596399E-002
  0.11370000E+004  0.80287436E-002
  0.11380000E+004  0.79976242E-002
  0.11390000E+004  0.79662951E-002
  0.11400000E+004  0.79347699E-002
  0.11410000E+004  0.79030621E-002
  0.11420000E+004  0.78711853E-002
  0.11430000E+004  0.78391530E-002
  0.11440000E+004  0.78069786E-002
  0.11450000E+004  0.77746759E-002
  0.11460000E+004  0.77422582E-002
  0.11470000E+004  0.77097392E-002
  0.11480000E+004  0.76771324E-002
  0.11490000E+004  0.76444512E-002
  0.11500000E+004  0.76117093E-002
  0.11510000E+004  0.75789181E-002
  0.11520000E+004  0.75460806E-002
  0.11530000E+004  0.75131978E-002
  0.11540000E+004  0.74802705E-002
  0.11550000E+004  0.74472998E-002
  0.11560000E+004  0.74142867E-002
  0.11570000E+004  0.73812319E-002
  0.11580000E+004  0.73481366E-002
  0.11590000E+004  0.73150015E-002
  0.11600000E+004  0.72818278E-002
  0.11610000E+004  0.72486162E-002
  0.11620000E+004  0.72153679E-002
  0.11630000E+004  0.71820836E-002
  0.11640000E+004  0.71487644E-002
  0.11650000E+004  0.71154112E-002
  0.11660000E+004  0.70820249E-002
  0.11670000E+004  0.70486066E-002
  0.11680000E+004  0.70151570E-002
  0.11690000E+004  0.69816773E-002
  0.11700000E+004  0.69481682E-002
  0.11710000E+004  0.69146308E-002
  0.11720000E+004  0.68810660E-002
  0.11730000E+004  0.68474748E-002
  0.11740000E+004  0.68138581E-002
  0.11750000E+004  0.67802168E-002
  0.11760000E+004  0.67465519E-002
  0.11770000E+004  0.67128644E-002
  0.11780000E+004  0.66791551E-002
  0.11790000E+004  0.66454250E-002
  0.11800000E+004  0.66116751E-002
  0.11810000E+004  0.65779063E-002
  0.11820000E+004  0.65441196E-002
  0.11830000E+004  0.65103159E-002
  0.11840000E+004  0.64764961E-002
  0.11850000E+004  0.64426612E-002
  0.11860000E+004  0.64088121E-002
  0.11870000E+004  0.63749498E-002
  0.11880000E+004  0.63410752E-002
  0.11890000E+004  0.63071893E-002
  0.11900000E+004  0.62732930E-002
  0.11910000E+004  0.62393873E-002
  0.11920000E+004  0.62054730E-002
  0.11930000E+004  0.61715512E-002
  0.11940000E+004  0.61376228E-002
  0.11950000E+004  0.61036887E-002
  0.11960000E+004  0.60697499E-002
  0.11970000E+004  0.60358074E-002
  0.11980000E+004  0.60018620E-002
  0.11990000E+004  0.59679147E-002
  0.12000000E+004  0.59339664E-002
