  0.10000000E+001  0.75188843E-002
  0.20000000E+001  0.56469755E-002
  0.30000000E+001  0.37750667E-002
  0.40000000E+001  0.35491664E-002
  0.50000000E+001  0.36561702E-002
  0.60000000E+001  0.37326772E-002
  0.70000000E+001  0.38457833E-002
  0.80000000E+001  0.39824586E-002
  0.90000000E+001  0.41162242E-002
  0.10000000E+002  0.42469309E-002
  0.11000000E+002  0.43795795E-002
  0.12000000E+002  0.45134412E-002
  0.13000000E+002  0.46467315E-002
  0.14000000E+002  0.47791733E-002
  0.15000000E+002  0.49108662E-002
  0.16000000E+002  0.50418903E-002
  0.17000000E+002  0.51722464E-002
  0.18000000E+002  0.53019160E-002
  0.19000000E+002  0.54308802E-002
  0.20000000E+002  0.55591205E-002
  0.21000000E+002  0.56866293E-002
  0.22000000E+002  0.58134451E-002
  0.23000000E+002  0.59396175E-002
  0.24000000E+002  0.60651960E-002
  0.25000000E+002  0.61902303E-002
  0.26000000E+002  0.63147701E-002
  0.27000000E+002  0.64388650E-002
  0.28000000E+002  0.65625646E-002
  0.29000000E+002  0.66859186E-002
  0.30000000E+002  0.68089766E-002
  0.31000000E+002  0.69317869E-002
  0.32000000E+002  0.70543918E-002
  0.33000000E+002  0.71768324E-002
  0.34000000E+002  0.72991498E-002
  0.35000000E+002  0.74213850E-002
  0.36000000E+002  0.75435790E-002
  0.37000000E+002  0.76657729E-002
  0.38000000E+002  0.77880076E-002
  0.39000000E+002  0.79103243E-002
  0.40000000E+002  0.80327639E-002
  0.41000000E+002  0.81553684E-002
  0.42000000E+002  0.82781832E-002
  0.43000000E+002  0.84012544E-002
  0.44000000E+002  0.85246283E-002
  0.45000000E+002  0.86483511E-002
  0.46000000E+002  0.87724691E-002
  0.47000000E+002  0.88970285E-002
  0.48000000E+002  0.90220756E-002
  0.49000000E+002  0.91476565E-002
  0.50000000E+002  0.92738176E-002
  0.51000000E+002  0.94006039E-002
  0.52000000E+002  0.95280563E-002
  0.53000000E+002  0.96562145E-002
  0.54000000E+002  0.97851182E-002
  0.55000000E+002  0.99148070E-002
  0.56000000E+002  0.10045321E-001
  0.57000000E+002  0.10176699E-001
  0.58000000E+002  0.10308982E-001
  0.59000000E+002  0.10442209E-001
  0.60000000E+002  0.10576419E-001
  0.61000000E+002  0.10711651E-001
  0.62000000E+002  0.10847934E-001
  0.63000000E+002  0.10985296E-001
  0.64000000E+002  0.11123764E-001
  0.65000000E+002  0.11263366E-001
  0.66000000E+002  0.11404130E-001
  0.67000000E+002  0.11546083E-001
  0.68000000E+002  0.11689252E-001
  0.69000000E+002  0.11833666E-001
  0.70000000E+002  0.11979352E-001
  0.71000000E+002  0.12126336E-001
  0.72000000E+002  0.12274634E-001
  0.73000000E+002  0.12424260E-001
  0.74000000E+002  0.12575229E-001
  0.75000000E+002  0.12727556E-001
  0.76000000E+002  0.12881255E-001
  0.77000000E+002  0.13036341E-001
  0.78000000E+002  0.13192828E-001
  0.79000000E+002  0.13350731E-001
  0.80000000E+002  0.13510064E-001
  0.81000000E+002  0.13670839E-001
  0.82000000E+002  0.13833058E-001
  0.83000000E+002  0.13996721E-001
  0.84000000E+002  0.14161826E-001
  0.85000000E+002  0.14328375E-001
  0.86000000E+002  0.14496365E-001
  0.87000000E+002  0.14665797E-001
  0.88000000E+002  0.14836670E-001
  0.89000000E+002  0.15008984E-001
  0.90000000E+002  0.15182737E-001
  0.91000000E+002  0.15357928E-001
  0.92000000E+002  0.15534548E-001
  0.93000000E+002  0.15712586E-001
  0.94000000E+002  0.15892031E-001
  0.95000000E+002  0.16072873E-001
  0.96000000E+002  0.16255101E-001
  0.97000000E+002  0.16438704E-001
  0.98000000E+002  0.16623672E-001
  0.99000000E+002  0.16809993E-001
  0.10000000E+003  0.16997658E-001
  0.10100000E+003  0.17186651E-001
  0.10200000E+003  0.17376941E-001
  0.10300000E+003  0.17568490E-001
  0.10400000E+003  0.17761263E-001
  0.10500000E+003  0.17955224E-001
  0.10600000E+003  0.18150336E-001
  0.10700000E+003  0.18346563E-001
  0.10800000E+003  0.18543869E-001
  0.10900000E+003  0.18742218E-001
  0.11000000E+003  0.18941572E-001
  0.11100000E+003  0.19141897E-001
  0.11200000E+003  0.19343156E-001
  0.11300000E+003  0.19545312E-001
  0.11400000E+003  0.19748329E-001
  0.11500000E+003  0.19952172E-001
  0.11600000E+003  0.20156803E-001
  0.11700000E+003  0.20362187E-001
  0.11800000E+003  0.20568287E-001
  0.11900000E+003  0.20775067E-001
  0.12000000E+003  0.20982491E-001
  0.12100000E+003  0.21190520E-001
  0.12200000E+003  0.21399106E-001
  0.12300000E+003  0.21608199E-001
  0.12400000E+003  0.21817747E-001
  0.12500000E+003  0.22027700E-001
  0.12600000E+003  0.22238007E-001
  0.12700000E+003  0.22448618E-001
  0.12800000E+003  0.22659483E-001
  0.12900000E+003  0.22870550E-001
  0.13000000E+003  0.23081769E-001
  0.13100000E+003  0.23293089E-001
  0.13200000E+003  0.23504459E-001
  0.13300000E+003  0.23715830E-001
  0.13400000E+003  0.23927150E-001
  0.13500000E+003  0.24138369E-001
  0.13600000E+003  0.24349436E-001
  0.13700000E+003  0.24560301E-001
  0.13800000E+003  0.24770913E-001
  0.13900000E+003  0.24981220E-001
  0.14000000E+003  0.25191174E-001
  0.14100000E+003  0.25400719E-001
  0.14200000E+003  0.25609789E-001
  0.14300000E+003  0.25818313E-001
  0.14400000E+003  0.26026221E-001
  0.14500000E+003  0.26233443E-001
  0.14600000E+003  0.26439909E-001
  0.14700000E+003  0.26645547E-001
  0.14800000E+003  0.26850289E-001
  0.14900000E+003  0.27054063E-001
  0.15000000E+003  0.27256799E-001
  0.15100000E+003  0.27458428E-001
  0.15200000E+003  0.27658878E-001
  0.15300000E+003  0.27858079E-001
  0.15400000E+003  0.28055961E-001
  0.15500000E+003  0.28252454E-001
  0.15600000E+003  0.28447488E-001
  0.15700000E+003  0.28640991E-001
  0.15800000E+003  0.28832895E-001
  0.15900000E+003  0.29023127E-001
  0.16000000E+003  0.29211619E-001
  0.16100000E+003  0.29398304E-001
  0.16200000E+003  0.29583131E-001
  0.16300000E+003  0.29766052E-001
  0.16400000E+003  0.29947021E-001
  0.16500000E+003  0.30125991E-001
  0.16600000E+003  0.30302915E-001
  0.16700000E+003  0.30477745E-001
  0.16800000E+003  0.30650434E-001
  0.16900000E+003  0.30820936E-001
  0.17000000E+003  0.30989204E-001
  0.17100000E+003  0.31155190E-001
  0.17200000E+003  0.31318847E-001
  0.17300000E+003  0.31480129E-001
  0.17400000E+003  0.31638987E-001
  0.17500000E+003  0.31795376E-001
  0.17600000E+003  0.31949248E-001
  0.17700000E+003  0.32100557E-001
  0.17800000E+003  0.32249254E-001
  0.17900000E+003  0.32395293E-001
  0.18000000E+003  0.32538627E-001
  0.18100000E+003  0.32679211E-001
  0.18200000E+003  0.32817005E-001
  0.18300000E+003  0.32951972E-001
  0.18400000E+003  0.33084075E-001
  0.18500000E+003  0.33213275E-001
  0.18600000E+003  0.33339536E-001
  0.18700000E+003  0.33462820E-001
  0.18800000E+003  0.33583090E-001
  0.18900000E+003  0.33700307E-001
  0.19000000E+003  0.33814435E-001
  0.19100000E+003  0.33925437E-001
  0.19200000E+003  0.34033273E-001
  0.19300000E+003  0.34137908E-001
  0.19400000E+003  0.34239304E-001
  0.19500000E+003  0.34337423E-001
  0.19600000E+003  0.34432227E-001
  0.19700000E+003  0.34523680E-001
  0.19800000E+003  0.34611744E-001
  0.19900000E+003  0.34696380E-001
  0.20000000E+003  0.34777553E-001
  0.20100000E+003  0.34855227E-001
  0.20200000E+003  0.34929384E-001
  0.20300000E+003  0.35000008E-001
  0.20400000E+003  0.35067083E-001
  0.20500000E+003  0.35130593E-001
  0.20600000E+003  0.35190523E-001
  0.20700000E+003  0.35246857E-001
  0.20800000E+003  0.35299579E-001
  0.20900000E+003  0.35348673E-001
  0.21000000E+003  0.35394125E-001
  0.21100000E+003  0.35435917E-001
  0.21200000E+003  0.35474034E-001
  0.21300000E+003  0.35508462E-001
  0.21400000E+003  0.35539183E-001
  0.21500000E+003  0.35566182E-001
  0.21600000E+003  0.35589443E-001
  0.21700000E+003  0.35608951E-001
  0.21800000E+003  0.35624690E-001
  0.21900000E+003  0.35636645E-001
  0.22000000E+003  0.35644799E-001
  0.22100000E+003  0.35649136E-001
  0.22200000E+003  0.35649642E-001
  0.22300000E+003  0.35646300E-001
  0.22400000E+003  0.35639094E-001
  0.22500000E+003  0.35628009E-001
  0.22600000E+003  0.35613037E-001
  0.22700000E+003  0.35594202E-001
  0.22800000E+003  0.35571532E-001
  0.22900000E+003  0.35545061E-001
  0.23000000E+003  0.35514817E-001
  0.23100000E+003  0.35480833E-001
  0.23200000E+003  0.35443138E-001
  0.23300000E+003  0.35401764E-001
  0.23400000E+003  0.35356741E-001
  0.23500000E+003  0.35308101E-001
  0.23600000E+003  0.35255874E-001
  0.23700000E+003  0.35200090E-001
  0.23800000E+003  0.35140781E-001
  0.23900000E+003  0.35077977E-001
  0.24000000E+003  0.35011709E-001
  0.24100000E+003  0.34942008E-001
  0.24200000E+003  0.34868905E-001
  0.24300000E+003  0.34792430E-001
  0.24400000E+003  0.34712615E-001
  0.24500000E+003  0.34629489E-001
  0.24600000E+003  0.34543085E-001
  0.24700000E+003  0.34453432E-001
  0.24800000E+003  0.34360561E-001
  0.24900000E+003  0.34264504E-001
  0.25000000E+003  0.34165290E-001
  0.25100000E+003  0.34062954E-001
  0.25200000E+003  0.33957541E-001
  0.25300000E+003  0.33849100E-001
  0.25400000E+003  0.33737678E-001
  0.25500000E+003  0.33623324E-001
  0.25600000E+003  0.33506086E-001
  0.25700000E+003  0.33386013E-001
  0.25800000E+003  0.33263153E-001
  0.25900000E+003  0.33137553E-001
  0.26000000E+003  0.33009263E-001
  0.26100000E+003  0.32878331E-001
  0.26200000E+003  0.32744805E-001
  0.26300000E+003  0.32608733E-001
  0.26400000E+003  0.32470164E-001
  0.26500000E+003  0.32329146E-001
  0.26600000E+003  0.32185726E-001
  0.26700000E+003  0.32039955E-001
  0.26800000E+003  0.31891879E-001
  0.26900000E+003  0.31741547E-001
  0.27000000E+003  0.31589008E-001
  0.27100000E+003  0.31434309E-001
  0.27200000E+003  0.31277499E-001
  0.27300000E+003  0.31118627E-001
  0.27400000E+003  0.30957740E-001
  0.27500000E+003  0.30794887E-001
  0.27600000E+003  0.30630119E-001
  0.27700000E+003  0.30463497E-001
  0.27800000E+003  0.30295087E-001
  0.27900000E+003  0.30124952E-001
  0.28000000E+003  0.29953158E-001
  0.28100000E+003  0.29779769E-001
  0.28200000E+003  0.29604848E-001
  0.28300000E+003  0.29428462E-001
  0.28400000E+003  0.29250674E-001
  0.28500000E+003  0.29071549E-001
  0.28600000E+003  0.28891151E-001
  0.28700000E+003  0.28709545E-001
  0.28800000E+003  0.28526795E-001
  0.28900000E+003  0.28342967E-001
  0.29000000E+003  0.28158124E-001
  0.29100000E+003  0.27972331E-001
  0.29200000E+003  0.27785652E-001
  0.29300000E+003  0.27598153E-001
  0.29400000E+003  0.27409897E-001
  0.29500000E+003  0.27220949E-001
  0.29600000E+003  0.27031373E-001
  0.29700000E+003  0.26841235E-001
  0.29800000E+003  0.26650598E-001
  0.29900000E+003  0.26459528E-001
  0.30000000E+003  0.26268088E-001
  0.30100000E+003  0.26076342E-001
  0.30200000E+003  0.25884343E-001
  0.30300000E+003  0.25692146E-001
  0.30400000E+003  0.25499803E-001
  0.30500000E+003  0.25307367E-001
  0.30600000E+003  0.25114891E-001
  0.30700000E+003  0.24922428E-001
  0.30800000E+003  0.24730031E-001
  0.30900000E+003  0.24537753E-001
  0.31000000E+003  0.24345646E-001
  0.31100000E+003  0.24153765E-001
  0.31200000E+003  0.23962161E-001
  0.31300000E+003  0.23770888E-001
  0.31400000E+003  0.23579999E-001
  0.31500000E+003  0.23389547E-001
  0.31600000E+003  0.23199585E-001
  0.31700000E+003  0.23010165E-001
  0.31800000E+003  0.22821340E-001
  0.31900000E+003  0.22633164E-001
  0.32000000E+003  0.22445690E-001
  0.32100000E+003  0.22258971E-001
  0.32200000E+003  0.22073058E-001
  0.32300000E+003  0.21888007E-001
  0.32400000E+003  0.21703868E-001
  0.32500000E+003  0.21520697E-001
  0.32600000E+003  0.21338544E-001
  0.32700000E+003  0.21157464E-001
  0.32800000E+003  0.20977509E-001
  0.32900000E+003  0.20798732E-001
  0.33000000E+003  0.20621187E-001
  0.33100000E+003  0.20444925E-001
  0.33200000E+003  0.20270001E-001
  0.33300000E+003  0.20096467E-001
  0.33400000E+003  0.19924376E-001
  0.33500000E+003  0.19753781E-001
  0.33600000E+003  0.19584735E-001
  0.33700000E+003  0.19417292E-001
  0.33800000E+003  0.19251503E-001
  0.33900000E+003  0.19087422E-001
  0.34000000E+003  0.18925102E-001
  0.34100000E+003  0.18764595E-001
  0.34200000E+003  0.18605956E-001
  0.34300000E+003  0.18449236E-001
  0.34400000E+003  0.18294489E-001
  0.34500000E+003  0.18141768E-001
  0.34600000E+003  0.17991125E-001
  0.34700000E+003  0.17842615E-001
  0.34800000E+003  0.17696288E-001
  0.34900000E+003  0.17552200E-001
  0.35000000E+003  0.17410401E-001
  0.35100000E+003  0.17270938E-001
  0.35200000E+003  0.17133820E-001
  0.35300000E+003  0.16999047E-001
  0.35400000E+003  0.16866620E-001
  0.35500000E+003  0.16736542E-001
  0.35600000E+003  0.16608813E-001
  0.35700000E+003  0.16483434E-001
  0.35800000E+003  0.16360406E-001
  0.35900000E+003  0.16239730E-001
  0.36000000E+003  0.16121408E-001
  0.36100000E+003  0.16005440E-001
  0.36200000E+003  0.15891828E-001
  0.36300000E+003  0.15780572E-001
  0.36400000E+003  0.15671674E-001
  0.36500000E+003  0.15565135E-001
  0.36600000E+003  0.15460956E-001
  0.36700000E+003  0.15359138E-001
  0.36800000E+003  0.15259682E-001
  0.36900000E+003  0.15162589E-001
  0.37000000E+003  0.15067861E-001
  0.37100000E+003  0.14975498E-001
  0.37200000E+003  0.14885502E-001
  0.37300000E+003  0.14797873E-001
  0.37400000E+003  0.14712613E-001
  0.37500000E+003  0.14629723E-001
  0.37600000E+003  0.14549204E-001
  0.37700000E+003  0.14471057E-001
  0.37800000E+003  0.14395282E-001
  0.37900000E+003  0.14321882E-001
  0.38000000E+003  0.14250858E-001
  0.38100000E+003  0.14182210E-001
  0.38200000E+003  0.14115939E-001
  0.38300000E+003  0.14052047E-001
  0.38400000E+003  0.13990534E-001
  0.38500000E+003  0.13931402E-001
  0.38600000E+003  0.13874652E-001
  0.38700000E+003  0.13820285E-001
  0.38800000E+003  0.13768303E-001
  0.38900000E+003  0.13718705E-001
  0.39000000E+003  0.13671494E-001
  0.39100000E+003  0.13626669E-001
  0.39200000E+003  0.13584234E-001
  0.39300000E+003  0.13544188E-001
  0.39400000E+003  0.13506532E-001
  0.39500000E+003  0.13471269E-001
  0.39600000E+003  0.13438398E-001
  0.39700000E+003  0.13407921E-001
  0.39800000E+003  0.13379839E-001
  0.39900000E+003  0.13354153E-001
  0.40000000E+003  0.13330864E-001
  0.40100000E+003  0.13309967E-001
  0.40200000E+003  0.13291428E-001
  0.40300000E+003  0.13275207E-001
  0.40400000E+003  0.13261265E-001
  0.40500000E+003  0.13249560E-001
  0.40600000E+003  0.13240054E-001
  0.40700000E+003  0.13232705E-001
  0.40800000E+003  0.13227474E-001
  0.40900000E+003  0.13224322E-001
  0.41000000E+003  0.13223207E-001
  0.41100000E+003  0.13224089E-001
  0.41200000E+003  0.13226929E-001
  0.41300000E+003  0.13231687E-001
  0.41400000E+003  0.13238323E-001
  0.41500000E+003  0.13246795E-001
  0.41600000E+003  0.13257066E-001
  0.41700000E+003  0.13269093E-001
  0.41800000E+003  0.13282838E-001
  0.41900000E+003  0.13298260E-001
  0.42000000E+003  0.13315319E-001
  0.42100000E+003  0.13333976E-001
  0.42200000E+003  0.13354189E-001
  0.42300000E+003  0.13375919E-001
  0.42400000E+003  0.13399126E-001
  0.42500000E+003  0.13423771E-001
  0.42600000E+003  0.13449811E-001
  0.42700000E+003  0.13477209E-001
  0.42800000E+003  0.13505923E-001
  0.42900000E+003  0.13535914E-001
  0.43000000E+003  0.13567142E-001
  0.43100000E+003  0.13599566E-001
  0.43200000E+003  0.13633146E-001
  0.43300000E+003  0.13667843E-001
  0.43400000E+003  0.13703616E-001
  0.43500000E+003  0.13740426E-001
  0.43600000E+003  0.13778231E-001
  0.43700000E+003  0.13816993E-001
  0.43800000E+003  0.13856671E-001
  0.43900000E+003  0.13897224E-001
  0.44000000E+003  0.13938614E-001
  0.44100000E+003  0.13980800E-001
  0.44200000E+003  0.14023741E-001
  0.44300000E+003  0.14067398E-001
  0.44400000E+003  0.14111731E-001
  0.44500000E+003  0.14156700E-001
  0.44600000E+003  0.14202264E-001
  0.44700000E+003  0.14248384E-001
  0.44800000E+003  0.14295019E-001
  0.44900000E+003  0.14342130E-001
  0.45000000E+003  0.14389676E-001
  0.45100000E+003  0.14437618E-001
  0.45200000E+003  0.14485921E-001
  0.45300000E+003  0.14534551E-001
  0.45400000E+003  0.14583473E-001
  0.45500000E+003  0.14632653E-001
  0.45600000E+003  0.14682057E-001
  0.45700000E+003  0.14731650E-001
  0.45800000E+003  0.14781399E-001
  0.45900000E+003  0.14831268E-001
  0.46000000E+003  0.14881224E-001
  0.46100000E+003  0.14931231E-001
  0.46200000E+003  0.14981257E-001
  0.46300000E+003  0.15031266E-001
  0.46400000E+003  0.15081225E-001
  0.46500000E+003  0.15131098E-001
  0.46600000E+003  0.15180852E-001
  0.46700000E+003  0.15230452E-001
  0.46800000E+003  0.15279865E-001
  0.46900000E+003  0.15329055E-001
  0.47000000E+003  0.15377988E-001
  0.47100000E+003  0.15426630E-001
  0.47200000E+003  0.15474947E-001
  0.47300000E+003  0.15522905E-001
  0.47400000E+003  0.15570468E-001
  0.47500000E+003  0.15617603E-001
  0.47600000E+003  0.15664276E-001
  0.47700000E+003  0.15710452E-001
  0.47800000E+003  0.15756097E-001
  0.47900000E+003  0.15801176E-001
  0.48000000E+003  0.15845656E-001
  0.48100000E+003  0.15889501E-001
  0.48200000E+003  0.15932678E-001
  0.48300000E+003  0.15975153E-001
  0.48400000E+003  0.16016890E-001
  0.48500000E+003  0.16057856E-001
  0.48600000E+003  0.16098017E-001
  0.48700000E+003  0.16137337E-001
  0.48800000E+003  0.16175783E-001
  0.48900000E+003  0.16213321E-001
  0.49000000E+003  0.16249915E-001
  0.49100000E+003  0.16285533E-001
  0.49200000E+003  0.16320139E-001
  0.49300000E+003  0.16353699E-001
  0.49400000E+003  0.16386179E-001
  0.49500000E+003  0.16417544E-001
  0.49600000E+003  0.16447761E-001
  0.49700000E+003  0.16476795E-001
  0.49800000E+003  0.16504611E-001
  0.49900000E+003  0.16531176E-001
  0.50000000E+003  0.16556454E-001
  0.50100000E+003  0.16580418E-001
  0.50200000E+003  0.16603066E-001
  0.50300000E+003  0.16624398E-001
  0.50400000E+003  0.16644420E-001
  0.50500000E+003  0.16663133E-001
  0.50600000E+003  0.16680540E-001
  0.50700000E+003  0.16696646E-001
  0.50800000E+003  0.16711451E-001
  0.50900000E+003  0.16724961E-001
  0.51000000E+003  0.16737177E-001
  0.51100000E+003  0.16748103E-001
  0.51200000E+003  0.16757741E-001
  0.51300000E+003  0.16766095E-001
  0.51400000E+003  0.16773168E-001
  0.51500000E+003  0.16778962E-001
  0.51600000E+003  0.16783481E-001
  0.51700000E+003  0.16786727E-001
  0.51800000E+003  0.16788704E-001
  0.51900000E+003  0.16789415E-001
  0.52000000E+003  0.16788862E-001
  0.52100000E+003  0.16787048E-001
  0.52200000E+003  0.16783978E-001
  0.52300000E+003  0.16779652E-001
  0.52400000E+003  0.16774076E-001
  0.52500000E+003  0.16767251E-001
  0.52600000E+003  0.16759180E-001
  0.52700000E+003  0.16749867E-001
  0.52800000E+003  0.16739314E-001
  0.52900000E+003  0.16727525E-001
  0.53000000E+003  0.16714503E-001
  0.53100000E+003  0.16700250E-001
  0.53200000E+003  0.16684769E-001
  0.53300000E+003  0.16668064E-001
  0.53400000E+003  0.16650138E-001
  0.53500000E+003  0.16630993E-001
  0.53600000E+003  0.16610632E-001
  0.53700000E+003  0.16589059E-001
  0.53800000E+003  0.16566276E-001
  0.53900000E+003  0.16542287E-001
  0.54000000E+003  0.16517095E-001
  0.54100000E+003  0.16490701E-001
  0.54200000E+003  0.16463111E-001
  0.54300000E+003  0.16434325E-001
  0.54400000E+003  0.16404348E-001
  0.54500000E+003  0.16373183E-001
  0.54600000E+003  0.16340832E-001
  0.54700000E+003  0.16307298E-001
  0.54800000E+003  0.16272585E-001
  0.54900000E+003  0.16236696E-001
  0.55000000E+003  0.16199632E-001
  0.55100000E+003  0.16161403E-001
  0.55200000E+003  0.16122032E-001
  0.55300000E+003  0.16081550E-001
  0.55400000E+003  0.16039985E-001
  0.55500000E+003  0.15997368E-001
  0.55600000E+003  0.15953727E-001
  0.55700000E+003  0.15909092E-001
  0.55800000E+003  0.15863493E-001
  0.55900000E+003  0.15816959E-001
  0.56000000E+003  0.15769520E-001
  0.56100000E+003  0.15721204E-001
  0.56200000E+003  0.15672042E-001
  0.56300000E+003  0.15622062E-001
  0.56400000E+003  0.15571295E-001
  0.56500000E+003  0.15519770E-001
  0.56600000E+003  0.15467516E-001
  0.56700000E+003  0.15414562E-001
  0.56800000E+003  0.15360938E-001
  0.56900000E+003  0.15306674E-001
  0.57000000E+003  0.15251799E-001
  0.57100000E+003  0.15196342E-001
  0.57200000E+003  0.15140334E-001
  0.57300000E+003  0.15083802E-001
  0.57400000E+003  0.15026777E-001
  0.57500000E+003  0.14969289E-001
  0.57600000E+003  0.14911366E-001
  0.57700000E+003  0.14853039E-001
  0.57800000E+003  0.14794335E-001
  0.57900000E+003  0.14735286E-001
  0.58000000E+003  0.14675921E-001
  0.58100000E+003  0.14616268E-001
  0.58200000E+003  0.14556358E-001
  0.58300000E+003  0.14496220E-001
  0.58400000E+003  0.14435882E-001
  0.58500000E+003  0.14375376E-001
  0.58600000E+003  0.14314730E-001
  0.58700000E+003  0.14253973E-001
  0.58800000E+003  0.14193136E-001
  0.58900000E+003  0.14132247E-001
  0.59000000E+003  0.14071336E-001
  0.59100000E+003  0.14010433E-001
  0.59200000E+003  0.13949566E-001
  0.59300000E+003  0.13888766E-001
  0.59400000E+003  0.13828061E-001
  0.59500000E+003  0.13767482E-001
  0.59600000E+003  0.13707058E-001
  0.59700000E+003  0.13646817E-001
  0.59800000E+003  0.13586791E-001
  0.59900000E+003  0.13527007E-001
  0.60000000E+003  0.13467496E-001
  0.60100000E+003  0.13408285E-001
  0.60200000E+003  0.13349397E-001
  0.60300000E+003  0.13290851E-001
  0.60400000E+003  0.13232669E-001
  0.60500000E+003  0.13174870E-001
  0.60600000E+003  0.13117475E-001
  0.60700000E+003  0.13060505E-001
  0.60800000E+003  0.13003980E-001
  0.60900000E+003  0.12947920E-001
  0.61000000E+003  0.12892346E-001
  0.61100000E+003  0.12837277E-001
  0.61200000E+003  0.12782736E-001
  0.61300000E+003  0.12728741E-001
  0.61400000E+003  0.12675314E-001
  0.61500000E+003  0.12622475E-001
  0.61600000E+003  0.12570244E-001
  0.61700000E+003  0.12518642E-001
  0.61800000E+003  0.12467689E-001
  0.61900000E+003  0.12417405E-001
  0.62000000E+003  0.12367811E-001
  0.62100000E+003  0.12318928E-001
  0.62200000E+003  0.12270775E-001
  0.62300000E+003  0.12223374E-001
  0.62400000E+003  0.12176744E-001
  0.62500000E+003  0.12130906E-001
  0.62600000E+003  0.12085881E-001
  0.62700000E+003  0.12041689E-001
  0.62800000E+003  0.11998350E-001
  0.62900000E+003  0.11955884E-001
  0.63000000E+003  0.11914313E-001
  0.63100000E+003  0.11873657E-001
  0.63200000E+003  0.11833935E-001
  0.63300000E+003  0.11795169E-001
  0.63400000E+003  0.11757378E-001
  0.63500000E+003  0.11720584E-001
  0.63600000E+003  0.11684807E-001
  0.63700000E+003  0.11650067E-001
  0.63800000E+003  0.11616384E-001
  0.63900000E+003  0.11583779E-001
  0.64000000E+003  0.11552272E-001
  0.64100000E+003  0.11521884E-001
  0.64200000E+003  0.11492636E-001
  0.64300000E+003  0.11464547E-001
  0.64400000E+003  0.11437638E-001
  0.64500000E+003  0.11411929E-001
  0.64600000E+003  0.11387442E-001
  0.64700000E+003  0.11364195E-001
  0.64800000E+003  0.11342211E-001
  0.64900000E+003  0.11321508E-001
  0.65000000E+003  0.11302108E-001
  0.65100000E+003  0.11284026E-001
  0.65200000E+003  0.11267258E-001
  0.65300000E+003  0.11251795E-001
  0.65400000E+003  0.11237627E-001
  0.65500000E+003  0.11224744E-001
  0.65600000E+003  0.11213139E-001
  0.65700000E+003  0.11202802E-001
  0.65800000E+003  0.11193723E-001
  0.65900000E+003  0.11185894E-001
  0.66000000E+003  0.11179304E-001
  0.66100000E+003  0.11173946E-001
  0.66200000E+003  0.11169809E-001
  0.66300000E+003  0.11166885E-001
  0.66400000E+003  0.11165164E-001
  0.66500000E+003  0.11164637E-001
  0.66600000E+003  0.11165295E-001
  0.66700000E+003  0.11167129E-001
  0.66800000E+003  0.11170129E-001
  0.66900000E+003  0.11174287E-001
  0.67000000E+003  0.11179592E-001
  0.67100000E+003  0.11186037E-001
  0.67200000E+003  0.11193611E-001
  0.67300000E+003  0.11202305E-001
  0.67400000E+003  0.11212111E-001
  0.67500000E+003  0.11223019E-001
  0.67600000E+003  0.11235019E-001
  0.67700000E+003  0.11248103E-001
  0.67800000E+003  0.11262262E-001
  0.67900000E+003  0.11277486E-001
  0.68000000E+003  0.11293766E-001
  0.68100000E+003  0.11311092E-001
  0.68200000E+003  0.11329457E-001
  0.68300000E+003  0.11348849E-001
  0.68400000E+003  0.11369261E-001
  0.68500000E+003  0.11390683E-001
  0.68600000E+003  0.11413105E-001
  0.68700000E+003  0.11436519E-001
  0.68800000E+003  0.11460916E-001
  0.68900000E+003  0.11486285E-001
  0.69000000E+003  0.11512619E-001
  0.69100000E+003  0.11539907E-001
  0.69200000E+003  0.11568141E-001
  0.69300000E+003  0.11597311E-001
  0.69400000E+003  0.11627408E-001
  0.69500000E+003  0.11658424E-001
  0.69600000E+003  0.11690347E-001
  0.69700000E+003  0.11723171E-001
  0.69800000E+003  0.11756884E-001
  0.69900000E+003  0.11791479E-001
  0.70000000E+003  0.11826946E-001
  0.70100000E+003  0.11863272E-001
  0.70200000E+003  0.11900433E-001
  0.70300000E+003  0.11938401E-001
  0.70400000E+003  0.11977149E-001
  0.70500000E+003  0.12016647E-001
  0.70600000E+003  0.12056870E-001
  0.70700000E+003  0.12097788E-001
  0.70800000E+003  0.12139374E-001
  0.70900000E+003  0.12181600E-001
  0.71000000E+003  0.12224439E-001
  0.71100000E+003  0.12267862E-001
  0.71200000E+003  0.12311843E-001
  0.71300000E+003  0.12356351E-001
  0.71400000E+003  0.12401362E-001
  0.71500000E+003  0.12446845E-001
  0.71600000E+003  0.12492774E-001
  0.71700000E+003  0.12539120E-001
  0.71800000E+003  0.12585857E-001
  0.71900000E+003  0.12632955E-001
  0.72000000E+003  0.12680388E-001
  0.72100000E+003  0.12728127E-001
  0.72200000E+003  0.12776145E-001
  0.72300000E+003  0.12824414E-001
  0.72400000E+003  0.12872905E-001
  0.72500000E+003  0.12921592E-001
  0.72600000E+003  0.12970446E-001
  0.72700000E+003  0.13019440E-001
  0.72800000E+003  0.13068545E-001
  0.72900000E+003  0.13117735E-001
  0.73000000E+003  0.13166980E-001
  0.73100000E+003  0.13216254E-001
  0.73200000E+003  0.13265529E-001
  0.73300000E+003  0.13314776E-001
  0.73400000E+003  0.13363968E-001
  0.73500000E+003  0.13413076E-001
  0.73600000E+003  0.13462075E-001
  0.73700000E+003  0.13510934E-001
  0.73800000E+003  0.13559628E-001
  0.73900000E+003  0.13608127E-001
  0.74000000E+003  0.13656404E-001
  0.74100000E+003  0.13704431E-001
  0.74200000E+003  0.13752181E-001
  0.74300000E+003  0.13799625E-001
  0.74400000E+003  0.13846736E-001
  0.74500000E+003  0.13893486E-001
  0.74600000E+003  0.13939847E-001
  0.74700000E+003  0.13985792E-001
  0.74800000E+003  0.14031292E-001
  0.74900000E+003  0.14076319E-001
  0.75000000E+003  0.14120847E-001
  0.75100000E+003  0.14164848E-001
  0.75200000E+003  0.14208307E-001
  0.75300000E+003  0.14251206E-001
  0.75400000E+003  0.14293531E-001
  0.75500000E+003  0.14335267E-001
  0.75600000E+003  0.14376397E-001
  0.75700000E+003  0.14416907E-001
  0.75800000E+003  0.14456780E-001
  0.75900000E+003  0.14496002E-001
  0.76000000E+003  0.14534558E-001
  0.76100000E+003  0.14572430E-001
  0.76200000E+003  0.14609605E-001
  0.76300000E+003  0.14646067E-001
  0.76400000E+003  0.14681800E-001
  0.76500000E+003  0.14716789E-001
  0.76600000E+003  0.14751018E-001
  0.76700000E+003  0.14784472E-001
  0.76800000E+003  0.14817136E-001
  0.76900000E+003  0.14848994E-001
  0.77000000E+003  0.14880030E-001
  0.77100000E+003  0.14910229E-001
  0.77200000E+003  0.14939577E-001
  0.77300000E+003  0.14968056E-001
  0.77400000E+003  0.14995652E-001
  0.77500000E+003  0.15022350E-001
  0.77600000E+003  0.15048133E-001
  0.77700000E+003  0.15072987E-001
  0.77800000E+003  0.15096896E-001
  0.77900000E+003  0.15119845E-001
  0.78000000E+003  0.15141818E-001
  0.78100000E+003  0.15162799E-001
  0.78200000E+003  0.15182774E-001
  0.78300000E+003  0.15201727E-001
  0.78400000E+003  0.15219642E-001
  0.78500000E+003  0.15236503E-001
  0.78600000E+003  0.15252297E-001
  0.78700000E+003  0.15267006E-001
  0.78800000E+003  0.15280616E-001
  0.78900000E+003  0.15293111E-001
  0.79000000E+003  0.15304476E-001
  0.79100000E+003  0.15314695E-001
  0.79200000E+003  0.15323753E-001
  0.79300000E+003  0.15331634E-001
  0.79400000E+003  0.15338323E-001
  0.79500000E+003  0.15343804E-001
  0.79600000E+003  0.15348063E-001
  0.79700000E+003  0.15351083E-001
  0.79800000E+003  0.15352849E-001
  0.79900000E+003  0.15353346E-001
  0.80000000E+003  0.15352558E-001
  0.80100000E+003  0.15350474E-001
  0.80200000E+003  0.15347098E-001
  0.80300000E+003  0.15342440E-001
  0.80400000E+003  0.15336507E-001
  0.80500000E+003  0.15329308E-001
  0.80600000E+003  0.15320853E-001
  0.80700000E+003  0.15311150E-001
  0.80800000E+003  0.15300206E-001
  0.80900000E+003  0.15288032E-001
  0.81000000E+003  0.15274636E-001
  0.81100000E+003  0.15260026E-001
  0.81200000E+003  0.15244211E-001
  0.81300000E+003  0.15227200E-001
  0.81400000E+003  0.15209001E-001
  0.81500000E+003  0.15189623E-001
  0.81600000E+003  0.15169075E-001
  0.81700000E+003  0.15147365E-001
  0.81800000E+003  0.15124502E-001
  0.81900000E+003  0.15100495E-001
  0.82000000E+003  0.15075352E-001
  0.82100000E+003  0.15049082E-001
  0.82200000E+003  0.15021694E-001
  0.82300000E+003  0.14993196E-001
  0.82400000E+003  0.14963597E-001
  0.82500000E+003  0.14932906E-001
  0.82600000E+003  0.14901131E-001
  0.82700000E+003  0.14868280E-001
  0.82800000E+003  0.14834364E-001
  0.82900000E+003  0.14799389E-001
  0.83000000E+003  0.14763366E-001
  0.83100000E+003  0.14726302E-001
  0.83200000E+003  0.14688207E-001
  0.83300000E+003  0.14649088E-001
  0.83400000E+003  0.14608955E-001
  0.83500000E+003  0.14567816E-001
  0.83600000E+003  0.14525680E-001
  0.83700000E+003  0.14482555E-001
  0.83800000E+003  0.14438451E-001
  0.83900000E+003  0.14393375E-001
  0.84000000E+003  0.14347337E-001
  0.84100000E+003  0.14300345E-001
  0.84200000E+003  0.14252408E-001
  0.84300000E+003  0.14203535E-001
  0.84400000E+003  0.14153733E-001
  0.84500000E+003  0.14103013E-001
  0.84600000E+003  0.14051382E-001
  0.84700000E+003  0.13998849E-001
  0.84800000E+003  0.13945422E-001
  0.84900000E+003  0.13891112E-001
  0.85000000E+003  0.13835925E-001
  0.85100000E+003  0.13779874E-001
  0.85200000E+003  0.13722979E-001
  0.85300000E+003  0.13665266E-001
  0.85400000E+003  0.13606759E-001
  0.85500000E+003  0.13547481E-001
  0.85600000E+003  0.13487456E-001
  0.85700000E+003  0.13426710E-001
  0.85800000E+003  0.13365267E-001
  0.85900000E+003  0.13303149E-001
  0.86000000E+003  0.13240383E-001
  0.86100000E+003  0.13176991E-001
  0.86200000E+003  0.13112999E-001
  0.86300000E+003  0.13048430E-001
  0.86400000E+003  0.12983309E-001
  0.86500000E+003  0.12917659E-001
  0.86600000E+003  0.12851506E-001
  0.86700000E+003  0.12784873E-001
  0.86800000E+003  0.12717784E-001
  0.86900000E+003  0.12650265E-001
  0.87000000E+003  0.12582338E-001
  0.87100000E+003  0.12514028E-001
  0.87200000E+003  0.12445360E-001
  0.87300000E+003  0.12376357E-001
  0.87400000E+003  0.12307044E-001
  0.87500000E+003  0.12237445E-001
  0.87600000E+003  0.12167585E-001
  0.87700000E+003  0.12097487E-001
  0.87800000E+003  0.12027176E-001
  0.87900000E+003  0.11956675E-001
  0.88000000E+003  0.11886010E-001
  0.88100000E+003  0.11815204E-001
  0.88200000E+003  0.11744282E-001
  0.88300000E+003  0.11673268E-001
  0.88400000E+003  0.11602186E-001
  0.88500000E+003  0.11531060E-001
  0.88600000E+003  0.11459914E-001
  0.88700000E+003  0.11388773E-001
  0.88800000E+003  0.11317661E-001
  0.88900000E+003  0.11246603E-001
  0.89000000E+003  0.11175621E-001
  0.89100000E+003  0.11104741E-001
  0.89200000E+003  0.11033987E-001
  0.89300000E+003  0.10963383E-001
  0.89400000E+003  0.10892954E-001
  0.89500000E+003  0.10822722E-001
  0.89600000E+003  0.10752714E-001
  0.89700000E+003  0.10682952E-001
  0.89800000E+003  0.10613462E-001
  0.89900000E+003  0.10544266E-001
  0.90000000E+003  0.10475391E-001
  0.90100000E+003  0.10406857E-001
  0.90200000E+003  0.10338682E-001
  0.90300000E+003  0.10270878E-001
  0.90400000E+003  0.10203461E-001
  0.90500000E+003  0.10136443E-001
  0.90600000E+003  0.10069840E-001
  0.90700000E+003  0.10003665E-001
  0.90800000E+003  0.99379325E-002
  0.90900000E+003  0.98726564E-002
  0.91000000E+003  0.98078508E-002
  0.91100000E+003  0.97435299E-002
  0.91200000E+003  0.96797078E-002
  0.91300000E+003  0.96163984E-002
  0.91400000E+003  0.95536159E-002
  0.91500000E+003  0.94913744E-002
  0.91600000E+003  0.94296879E-002
  0.91700000E+003  0.93685706E-002
  0.91800000E+003  0.93080365E-002
  0.91900000E+003  0.92480997E-002
  0.92000000E+003  0.91887743E-002
  0.92100000E+003  0.91300744E-002
  0.92200000E+003  0.90720140E-002
  0.92300000E+003  0.90146073E-002
  0.92400000E+003  0.89578683E-002
  0.92500000E+003  0.89018111E-002
  0.92600000E+003  0.88464498E-002
  0.92700000E+003  0.87917985E-002
  0.92800000E+003  0.87378712E-002
  0.92900000E+003  0.86846821E-002
  0.93000000E+003  0.86322452E-002
  0.93100000E+003  0.85805746E-002
  0.93200000E+003  0.85296845E-002
  0.93300000E+003  0.84795888E-002
  0.93400000E+003  0.84303017E-002
  0.93500000E+003  0.83818372E-002
  0.93600000E+003  0.83342095E-002
  0.93700000E+003  0.82874325E-002
  0.93800000E+003  0.82415205E-002
  0.93900000E+003  0.81964875E-002
  0.94000000E+003  0.81523475E-002
  0.94100000E+003  0.81091147E-002
  0.94200000E+003  0.80668031E-002
  0.94300000E+003  0.80254269E-002
  0.94400000E+003  0.79850001E-002
  0.94500000E+003  0.79455367E-002
  0.94600000E+003  0.79070509E-002
  0.94700000E+003  0.78695568E-002
  0.94800000E+003  0.78330684E-002
  0.94900000E+003  0.77975998E-002
  0.95000000E+003  0.77631652E-002
  0.95100000E+003  0.77297751E-002
  0.95200000E+003  0.76974265E-002
  0.95300000E+003  0.76661129E-002
  0.95400000E+003  0.76358277E-002
  0.95500000E+003  0.76065645E-002
  0.95600000E+003  0.75783168E-002
  0.95700000E+003  0.75510780E-002
  0.95800000E+003  0.75248417E-002
  0.95900000E+003  0.74996013E-002
  0.96000000E+003  0.74753504E-002
  0.96100000E+003  0.74520823E-002
  0.96200000E+003  0.74297907E-002
  0.96300000E+003  0.74084690E-002
  0.96400000E+003  0.73881107E-002
  0.96500000E+003  0.73687093E-002
  0.96600000E+003  0.73502583E-002
  0.96700000E+003  0.73327512E-002
  0.96800000E+003  0.73161815E-002
  0.96900000E+003  0.73005426E-002
  0.97000000E+003  0.72858281E-002
  0.97100000E+003  0.72720315E-002
  0.97200000E+003  0.72591462E-002
  0.97300000E+003  0.72471657E-002
  0.97400000E+003  0.72360836E-002
  0.97500000E+003  0.72258934E-002
  0.97600000E+003  0.72165884E-002
  0.97700000E+003  0.72081623E-002
  0.97800000E+003  0.72006085E-002
  0.97900000E+003  0.71939205E-002
  0.98000000E+003  0.71880917E-002
  0.98100000E+003  0.71831158E-002
  0.98200000E+003  0.71789862E-002
  0.98300000E+003  0.71756963E-002
  0.98400000E+003  0.71732397E-002
  0.98500000E+003  0.71716099E-002
  0.98600000E+003  0.71708003E-002
  0.98700000E+003  0.71708045E-002
  0.98800000E+003  0.71716160E-002
  0.98900000E+003  0.71732281E-002
  0.99000000E+003  0.71756345E-002
  0.99100000E+003  0.71788287E-002
  0.99200000E+003  0.71828040E-002
  0.99300000E+003  0.71875540E-002
  0.99400000E+003  0.71930723E-002
  0.99500000E+003  0.71993523E-002
  0.99600000E+003  0.72063874E-002
  0.99700000E+003  0.72141712E-002
  0.99800000E+003  0.72226972E-002
  0.99900000E+003  0.72319589E-002
  0.10000000E+004  0.72419498E-002
  0.10010000E+004  0.72526614E-002
  0.10020000E+004  0.72640780E-002
  0.10030000E+004  0.72761820E-002
  0.10040000E+004  0.72889557E-002
  0.10050000E+004  0.73023814E-002
  0.10060000E+004  0.73164414E-002
  0.10070000E+004  0.73311182E-002
  0.10080000E+004  0.73463940E-002
  0.10090000E+004  0.73622512E-002
  0.10100000E+004  0.73786722E-002
  0.10110000E+004  0.73956392E-002
  0.10120000E+004  0.74131346E-002
  0.10130000E+004  0.74311408E-002
  0.10140000E+004  0.74496401E-002
  0.10150000E+004  0.74686149E-002
  0.10160000E+004  0.74880474E-002
  0.10170000E+004  0.75079201E-002
  0.10180000E+004  0.75282152E-002
  0.10190000E+004  0.75489151E-002
  0.10200000E+004  0.75700022E-002
  0.10210000E+004  0.75914588E-002
  0.10220000E+004  0.76132672E-002
  0.10230000E+004  0.76354099E-002
  0.10240000E+004  0.76578690E-002
  0.10250000E+004  0.76806270E-002
  0.10260000E+004  0.77036662E-002
  0.10270000E+004  0.77269689E-002
  0.10280000E+004  0.77505175E-002
  0.10290000E+004  0.77742944E-002
  0.10300000E+004  0.77982818E-002
  0.10310000E+004  0.78224622E-002
  0.10320000E+004  0.78468178E-002
  0.10330000E+004  0.78713310E-002
  0.10340000E+004  0.78959841E-002
  0.10350000E+004  0.79207595E-002
  0.10360000E+004  0.79456396E-002
  0.10370000E+004  0.79706066E-002
  0.10380000E+004  0.79956429E-002
  0.10390000E+004  0.80207309E-002
  0.10400000E+004  0.80458529E-002
  0.10410000E+004  0.80709912E-002
  0.10420000E+004  0.80961281E-002
  0.10430000E+004  0.81212461E-002
  0.10440000E+004  0.81463275E-002
  0.10450000E+004  0.81713545E-002
  0.10460000E+004  0.81963096E-002
  0.10470000E+004  0.82211751E-002
  0.10480000E+004  0.82459333E-002
  0.10490000E+004  0.82705665E-002
  0.10500000E+004  0.82950572E-002
  0.10510000E+004  0.83193887E-002
  0.10520000E+004  0.83435486E-002
  0.10530000E+004  0.83675255E-002
  0.10540000E+004  0.83913082E-002
  0.10550000E+004  0.84148852E-002
  0.10560000E+004  0.84382452E-002
  0.10570000E+004  0.84613769E-002
  0.10580000E+004  0.84842689E-002
  0.10590000E+004  0.85069098E-002
  0.10600000E+004  0.85292884E-002
  0.10610000E+004  0.85513932E-002
  0.10620000E+004  0.85732129E-002
  0.10630000E+004  0.85947362E-002
  0.10640000E+004  0.86159517E-002
  0.10650000E+004  0.86368481E-002
  0.10660000E+004  0.86574140E-002
  0.10670000E+004  0.86776380E-002
  0.10680000E+004  0.86975089E-002
  0.10690000E+004  0.87170153E-002
  0.10700000E+004  0.87361458E-002
  0.10710000E+004  0.87548890E-002
  0.10720000E+004  0.87732337E-002
  0.10730000E+004  0.87911685E-002
  0.10740000E+004  0.88086819E-002
  0.10750000E+004  0.88257628E-002
  0.10760000E+004  0.88423997E-002
  0.10770000E+004  0.88585813E-002
  0.10780000E+004  0.88742962E-002
  0.10790000E+004  0.88895330E-002
  0.10800000E+004  0.89042805E-002
  0.10810000E+004  0.89185273E-002
  0.10820000E+004  0.89322621E-002
  0.10830000E+004  0.89454734E-002
  0.10840000E+004  0.89581500E-002
  0.10850000E+004  0.89702804E-002
  0.10860000E+004  0.89818534E-002
  0.10870000E+004  0.89928576E-002
  0.10880000E+004  0.90032816E-002
  0.10890000E+004  0.90131141E-002
  0.10900000E+004  0.90223437E-002
  0.10910000E+004  0.90309592E-002
  0.10920000E+004  0.90389491E-002
  0.10930000E+004  0.90463021E-002
  0.10940000E+004  0.90530068E-002
  0.10950000E+004  0.90590519E-002
  0.10960000E+004  0.90644261E-002
  0.10970000E+004  0.90691180E-002
  0.10980000E+004  0.90731162E-002
  0.10990000E+004  0.90764095E-002
  0.11000000E+004  0.90789864E-002
  0.11010000E+004  0.90808385E-002
  0.11020000E+004  0.90819688E-002
  0.11030000E+004  0.90823834E-002
  0.11040000E+004  0.90820881E-002
  0.11050000E+004  0.90810889E-002
  0.11060000E+004  0.90793918E-002
  0.11070000E+004  0.90770028E-002
  0.11080000E+004  0.90739277E-002
  0.11090000E+004  0.90701725E-002
  0.11100000E+004  0.90657433E-002
  0.11110000E+004  0.90606458E-002
  0.11120000E+004  0.90548862E-002
  0.11130000E+004  0.90484703E-002
  0.11140000E+004  0.90414041E-002
  0.11150000E+004  0.90336935E-002
  0.11160000E+004  0.90253446E-002
  0.11170000E+004  0.90163632E-002
  0.11180000E+004  0.90067553E-002
  0.11190000E+004  0.89965269E-002
  0.11200000E+004  0.89856839E-002
  0.11210000E+004  0.89742323E-002
  0.11220000E+004  0.89621780E-002
  0.11230000E+004  0.89495270E-002
  0.11240000E+004  0.89362852E-002
  0.11250000E+004  0.89224586E-002
  0.11260000E+004  0.89080531E-002
  0.11270000E+004  0.88930747E-002
  0.11280000E+004  0.88775294E-002
  0.11290000E+004  0.88614231E-002
  0.11300000E+004  0.88447617E-002
  0.11310000E+004  0.88275512E-002
  0.11320000E+004  0.88097976E-002
  0.11330000E+004  0.87915068E-002
  0.11340000E+004  0.87726847E-002
  0.11350000E+004  0.87533374E-002
  0.11360000E+004  0.87334707E-002
  0.11370000E+004  0.87130906E-002
  0.11380000E+004  0.86922032E-002
  0.11390000E+004  0.86708142E-002
  0.11400000E+004  0.86489298E-002
  0.11410000E+004  0.86265558E-002
  0.11420000E+004  0.86036981E-002
  0.11430000E+004  0.85803628E-002
  0.11440000E+004  0.85565558E-002
  0.11450000E+004  0.85322831E-002
  0.11460000E+004  0.85075506E-002
  0.11470000E+004  0.84823642E-002
  0.11480000E+004  0.84567299E-002
  0.11490000E+004  0.84306537E-002
  0.11500000E+004  0.84041415E-002
  0.11510000E+004  0.83771997E-002
  0.11520000E+004  0.83498365E-002
  0.11530000E+004  0.83220604E-002
  0.11540000E+004  0.82938802E-002
  0.11550000E+004  0.82653043E-002
  0.11560000E+004  0.82363413E-002
  0.11570000E+004  0.82070000E-002
  0.11580000E+004  0.81772888E-002
  0.11590000E+004  0.81472164E-002
  0.11600000E+004  0.81167913E-002
  0.11610000E+004  0.80860223E-002
  0.11620000E+004  0.80549178E-002
  0.11630000E+004  0.80234865E-002
  0.11640000E+004  0.79917369E-002
  0.11650000E+004  0.79596778E-002
  0.11660000E+004  0.79273176E-002
  0.11670000E+004  0.78946650E-002
  0.11680000E+004  0.78617286E-002
  0.11690000E+004  0.78285169E-002
  0.11700000E+004  0.77950387E-002
  0.11710000E+004  0.77613024E-002
  0.11720000E+004  0.77273167E-002
  0.11730000E+004  0.76930902E-002
  0.11740000E+004  0.76586315E-002
  0.11750000E+004  0.76239491E-002
  0.11760000E+004  0.75890518E-002
  0.11770000E+004  0.75539480E-002
  0.11780000E+004  0.75186464E-002
  0.11790000E+004  0.74831556E-002
  0.11800000E+004  0.74474842E-002
  0.11810000E+004  0.74116407E-002
  0.11820000E+004  0.73756339E-002
  0.11830000E+004  0.73394722E-002
  0.11840000E+004  0.73031644E-002
  0.11850000E+004  0.72667189E-002
  0.11860000E+004  0.72301444E-002
  0.11870000E+004  0.71934495E-002
  0.11880000E+004  0.71566428E-002
  0.11890000E+004  0.71197329E-002
  0.11900000E+004  0.70827284E-002
  0.11910000E+004  0.70456379E-002
  0.11920000E+004  0.70084700E-002
  0.11930000E+004  0.69712332E-002
  0.11940000E+004  0.69339363E-002
  0.11950000E+004  0.68965877E-002
  0.11960000E+004  0.68591962E-002
  0.11970000E+004  0.68217703E-002
  0.11980000E+004  0.67843185E-002
  0.11990000E+004  0.67468496E-002
  0.12000000E+004  0.67093720E-002
