  0.10000000E+001  0.76807734E-002
  0.20000000E+001  0.59588571E-002
  0.30000000E+001  0.42369408E-002
  0.40000000E+001  0.41353478E-002
  0.50000000E+001  0.43711546E-002
  0.60000000E+001  0.45822316E-002
  0.70000000E+001  0.48275451E-002
  0.80000000E+001  0.50940654E-002
  0.90000000E+001  0.53569155E-002
  0.10000000E+002  0.56158243E-002
  0.11000000E+002  0.58753942E-002
  0.12000000E+002  0.61351170E-002
  0.13000000E+002  0.63934996E-002
  0.14000000E+002  0.66502215E-002
  0.15000000E+002  0.69052553E-002
  0.16000000E+002  0.71585834E-002
  0.17000000E+002  0.74102259E-002
  0.18000000E+002  0.76602128E-002
  0.19000000E+002  0.79085740E-002
  0.20000000E+002  0.81553394E-002
  0.21000000E+002  0.84005471E-002
  0.22000000E+002  0.86442674E-002
  0.23000000E+002  0.88865789E-002
  0.24000000E+002  0.91275601E-002
  0.25000000E+002  0.93672897E-002
  0.26000000E+002  0.96058462E-002
  0.27000000E+002  0.98433081E-002
  0.28000000E+002  0.10079754E-001
  0.29000000E+002  0.10315262E-001
  0.30000000E+002  0.10549912E-001
  0.31000000E+002  0.10783781E-001
  0.32000000E+002  0.11016949E-001
  0.33000000E+002  0.11249493E-001
  0.34000000E+002  0.11481492E-001
  0.35000000E+002  0.11713026E-001
  0.36000000E+002  0.11944172E-001
  0.37000000E+002  0.12175010E-001
  0.38000000E+002  0.12405617E-001
  0.39000000E+002  0.12636073E-001
  0.40000000E+002  0.12866456E-001
  0.41000000E+002  0.13096845E-001
  0.42000000E+002  0.13327328E-001
  0.43000000E+002  0.13557991E-001
  0.44000000E+002  0.13788922E-001
  0.45000000E+002  0.14020208E-001
  0.46000000E+002  0.14251936E-001
  0.47000000E+002  0.14484195E-001
  0.48000000E+002  0.14717071E-001
  0.49000000E+002  0.14950652E-001
  0.50000000E+002  0.15185026E-001
  0.51000000E+002  0.15420277E-001
  0.52000000E+002  0.15656488E-001
  0.53000000E+002  0.15893736E-001
  0.54000000E+002  0.16132102E-001
  0.55000000E+002  0.16371665E-001
  0.56000000E+002  0.16612504E-001
  0.57000000E+002  0.16854697E-001
  0.58000000E+002  0.17098325E-001
  0.59000000E+002  0.17343467E-001
  0.60000000E+002  0.17590201E-001
  0.61000000E+002  0.17838605E-001
  0.62000000E+002  0.18088746E-001
  0.63000000E+002  0.18340687E-001
  0.64000000E+002  0.18594494E-001
  0.65000000E+002  0.18850230E-001
  0.66000000E+002  0.19107961E-001
  0.67000000E+002  0.19367750E-001
  0.68000000E+002  0.19629663E-001
  0.69000000E+002  0.19893763E-001
  0.70000000E+002  0.20160115E-001
  0.71000000E+002  0.20428779E-001
  0.72000000E+002  0.20699799E-001
  0.73000000E+002  0.20973214E-001
  0.74000000E+002  0.21249063E-001
  0.75000000E+002  0.21527387E-001
  0.76000000E+002  0.21808223E-001
  0.77000000E+002  0.22091613E-001
  0.78000000E+002  0.22377594E-001
  0.79000000E+002  0.22666206E-001
  0.80000000E+002  0.22957490E-001
  0.81000000E+002  0.23251479E-001
  0.82000000E+002  0.23548190E-001
  0.83000000E+002  0.23847637E-001
  0.84000000E+002  0.24149830E-001
  0.85000000E+002  0.24454783E-001
  0.86000000E+002  0.24762509E-001
  0.87000000E+002  0.25073019E-001
  0.88000000E+002  0.25386325E-001
  0.89000000E+002  0.25702441E-001
  0.90000000E+002  0.26021378E-001
  0.91000000E+002  0.26343145E-001
  0.92000000E+002  0.26667727E-001
  0.93000000E+002  0.26995108E-001
  0.94000000E+002  0.27325270E-001
  0.95000000E+002  0.27658193E-001
  0.96000000E+002  0.27993862E-001
  0.97000000E+002  0.28332257E-001
  0.98000000E+002  0.28673362E-001
  0.99000000E+002  0.29017157E-001
  0.10000000E+003  0.29363626E-001
  0.10100000E+003  0.29712744E-001
  0.10200000E+003  0.30064463E-001
  0.10300000E+003  0.30418731E-001
  0.10400000E+003  0.30775491E-001
  0.10500000E+003  0.31134692E-001
  0.10600000E+003  0.31496279E-001
  0.10700000E+003  0.31860198E-001
  0.10800000E+003  0.32226395E-001
  0.10900000E+003  0.32594817E-001
  0.11000000E+003  0.32965409E-001
  0.11100000E+003  0.33338117E-001
  0.11200000E+003  0.33712889E-001
  0.11300000E+003  0.34089669E-001
  0.11400000E+003  0.34468404E-001
  0.11500000E+003  0.34849040E-001
  0.11600000E+003  0.35231524E-001
  0.11700000E+003  0.35615801E-001
  0.11800000E+003  0.36001817E-001
  0.11900000E+003  0.36389519E-001
  0.12000000E+003  0.36778853E-001
  0.12100000E+003  0.37169755E-001
  0.12200000E+003  0.37562127E-001
  0.12300000E+003  0.37955860E-001
  0.12400000E+003  0.38350845E-001
  0.12500000E+003  0.38746975E-001
  0.12600000E+003  0.39144140E-001
  0.12700000E+003  0.39542233E-001
  0.12800000E+003  0.39941145E-001
  0.12900000E+003  0.40340767E-001
  0.13000000E+003  0.40740992E-001
  0.13100000E+003  0.41141710E-001
  0.13200000E+003  0.41542814E-001
  0.13300000E+003  0.41944194E-001
  0.13400000E+003  0.42345744E-001
  0.13500000E+003  0.42747353E-001
  0.13600000E+003  0.43148914E-001
  0.13700000E+003  0.43550318E-001
  0.13800000E+003  0.43951458E-001
  0.13900000E+003  0.44352223E-001
  0.14000000E+003  0.44752507E-001
  0.14100000E+003  0.45152200E-001
  0.14200000E+003  0.45551184E-001
  0.14300000E+003  0.45949345E-001
  0.14400000E+003  0.46346565E-001
  0.14500000E+003  0.46742727E-001
  0.14600000E+003  0.47137714E-001
  0.14700000E+003  0.47531409E-001
  0.14800000E+003  0.47923696E-001
  0.14900000E+003  0.48314457E-001
  0.15000000E+003  0.48703575E-001
  0.15100000E+003  0.49090934E-001
  0.15200000E+003  0.49476417E-001
  0.15300000E+003  0.49859906E-001
  0.15400000E+003  0.50241286E-001
  0.15500000E+003  0.50620438E-001
  0.15600000E+003  0.50997246E-001
  0.15700000E+003  0.51371594E-001
  0.15800000E+003  0.51743363E-001
  0.15900000E+003  0.52112438E-001
  0.16000000E+003  0.52478702E-001
  0.16100000E+003  0.52842038E-001
  0.16200000E+003  0.53202339E-001
  0.16300000E+003  0.53559497E-001
  0.16400000E+003  0.53913406E-001
  0.16500000E+003  0.54263957E-001
  0.16600000E+003  0.54611045E-001
  0.16700000E+003  0.54954561E-001
  0.16800000E+003  0.55294399E-001
  0.16900000E+003  0.55630452E-001
  0.17000000E+003  0.55962613E-001
  0.17100000E+003  0.56290774E-001
  0.17200000E+003  0.56614829E-001
  0.17300000E+003  0.56934670E-001
  0.17400000E+003  0.57250190E-001
  0.17500000E+003  0.57561282E-001
  0.17600000E+003  0.57867840E-001
  0.17700000E+003  0.58169756E-001
  0.17800000E+003  0.58466922E-001
  0.17900000E+003  0.58759233E-001
  0.18000000E+003  0.59046580E-001
  0.18100000E+003  0.59328860E-001
  0.18200000E+003  0.59605983E-001
  0.18300000E+003  0.59877863E-001
  0.18400000E+003  0.60144413E-001
  0.18500000E+003  0.60405547E-001
  0.18600000E+003  0.60661177E-001
  0.18700000E+003  0.60911219E-001
  0.18800000E+003  0.61155584E-001
  0.18900000E+003  0.61394188E-001
  0.19000000E+003  0.61626942E-001
  0.19100000E+003  0.61853761E-001
  0.19200000E+003  0.62074558E-001
  0.19300000E+003  0.62289246E-001
  0.19400000E+003  0.62497740E-001
  0.19500000E+003  0.62699953E-001
  0.19600000E+003  0.62895797E-001
  0.19700000E+003  0.63085187E-001
  0.19800000E+003  0.63268036E-001
  0.19900000E+003  0.63444258E-001
  0.20000000E+003  0.63613766E-001
  0.20100000E+003  0.63776485E-001
  0.20200000E+003  0.63932388E-001
  0.20300000E+003  0.64081457E-001
  0.20400000E+003  0.64223676E-001
  0.20500000E+003  0.64359029E-001
  0.20600000E+003  0.64487499E-001
  0.20700000E+003  0.64609071E-001
  0.20800000E+003  0.64723726E-001
  0.20900000E+003  0.64831450E-001
  0.21000000E+003  0.64932225E-001
  0.21100000E+003  0.65026035E-001
  0.21200000E+003  0.65112864E-001
  0.21300000E+003  0.65192695E-001
  0.21400000E+003  0.65265512E-001
  0.21500000E+003  0.65331297E-001
  0.21600000E+003  0.65390036E-001
  0.21700000E+003  0.65441711E-001
  0.21800000E+003  0.65486306E-001
  0.21900000E+003  0.65523804E-001
  0.22000000E+003  0.65554189E-001
  0.22100000E+003  0.65577445E-001
  0.22200000E+003  0.65593555E-001
  0.22300000E+003  0.65602502E-001
  0.22400000E+003  0.65604270E-001
  0.22500000E+003  0.65598843E-001
  0.22600000E+003  0.65586216E-001
  0.22700000E+003  0.65566431E-001
  0.22800000E+003  0.65539540E-001
  0.22900000E+003  0.65505597E-001
  0.23000000E+003  0.65464654E-001
  0.23100000E+003  0.65416766E-001
  0.23200000E+003  0.65361986E-001
  0.23300000E+003  0.65300366E-001
  0.23400000E+003  0.65231960E-001
  0.23500000E+003  0.65156820E-001
  0.23600000E+003  0.65075001E-001
  0.23700000E+003  0.64986555E-001
  0.23800000E+003  0.64891536E-001
  0.23900000E+003  0.64789997E-001
  0.24000000E+003  0.64681990E-001
  0.24100000E+003  0.64567570E-001
  0.24200000E+003  0.64446789E-001
  0.24300000E+003  0.64319701E-001
  0.24400000E+003  0.64186358E-001
  0.24500000E+003  0.64046814E-001
  0.24600000E+003  0.63901122E-001
  0.24700000E+003  0.63749336E-001
  0.24800000E+003  0.63591508E-001
  0.24900000E+003  0.63427692E-001
  0.25000000E+003  0.63257940E-001
  0.25100000E+003  0.63082314E-001
  0.25200000E+003  0.62900898E-001
  0.25300000E+003  0.62713786E-001
  0.25400000E+003  0.62521071E-001
  0.25500000E+003  0.62322846E-001
  0.25600000E+003  0.62119204E-001
  0.25700000E+003  0.61910237E-001
  0.25800000E+003  0.61696038E-001
  0.25900000E+003  0.61476701E-001
  0.26000000E+003  0.61252318E-001
  0.26100000E+003  0.61022983E-001
  0.26200000E+003  0.60788787E-001
  0.26300000E+003  0.60549825E-001
  0.26400000E+003  0.60306188E-001
  0.26500000E+003  0.60057971E-001
  0.26600000E+003  0.59805265E-001
  0.26700000E+003  0.59548164E-001
  0.26800000E+003  0.59286760E-001
  0.26900000E+003  0.59021147E-001
  0.27000000E+003  0.58751418E-001
  0.27100000E+003  0.58477664E-001
  0.27200000E+003  0.58199980E-001
  0.27300000E+003  0.57918459E-001
  0.27400000E+003  0.57633192E-001
  0.27500000E+003  0.57344273E-001
  0.27600000E+003  0.57051803E-001
  0.27700000E+003  0.56755915E-001
  0.27800000E+003  0.56456751E-001
  0.27900000E+003  0.56154451E-001
  0.28000000E+003  0.55849157E-001
  0.28100000E+003  0.55541011E-001
  0.28200000E+003  0.55230152E-001
  0.28300000E+003  0.54916723E-001
  0.28400000E+003  0.54600864E-001
  0.28500000E+003  0.54282718E-001
  0.28600000E+003  0.53962424E-001
  0.28700000E+003  0.53640126E-001
  0.28800000E+003  0.53315962E-001
  0.28900000E+003  0.52990076E-001
  0.29000000E+003  0.52662607E-001
  0.29100000E+003  0.52333698E-001
  0.29200000E+003  0.52003489E-001
  0.29300000E+003  0.51672123E-001
  0.29400000E+003  0.51339739E-001
  0.29500000E+003  0.51006479E-001
  0.29600000E+003  0.50672485E-001
  0.29700000E+003  0.50337897E-001
  0.29800000E+003  0.50002857E-001
  0.29900000E+003  0.49667506E-001
  0.30000000E+003  0.49331986E-001
  0.30100000E+003  0.48996430E-001
  0.30200000E+003  0.48660945E-001
  0.30300000E+003  0.48325631E-001
  0.30400000E+003  0.47990586E-001
  0.30500000E+003  0.47655910E-001
  0.30600000E+003  0.47321702E-001
  0.30700000E+003  0.46988062E-001
  0.30800000E+003  0.46655090E-001
  0.30900000E+003  0.46322883E-001
  0.31000000E+003  0.45991543E-001
  0.31100000E+003  0.45661167E-001
  0.31200000E+003  0.45331857E-001
  0.31300000E+003  0.45003710E-001
  0.31400000E+003  0.44676826E-001
  0.31500000E+003  0.44351305E-001
  0.31600000E+003  0.44027246E-001
  0.31700000E+003  0.43704749E-001
  0.31800000E+003  0.43383912E-001
  0.31900000E+003  0.43064835E-001
  0.32000000E+003  0.42747618E-001
  0.32100000E+003  0.42432359E-001
  0.32200000E+003  0.42119159E-001
  0.32300000E+003  0.41808116E-001
  0.32400000E+003  0.41499330E-001
  0.32500000E+003  0.41192901E-001
  0.32600000E+003  0.40888927E-001
  0.32700000E+003  0.40587508E-001
  0.32800000E+003  0.40288743E-001
  0.32900000E+003  0.39992732E-001
  0.33000000E+003  0.39699575E-001
  0.33100000E+003  0.39409369E-001
  0.33200000E+003  0.39122216E-001
  0.33300000E+003  0.38838214E-001
  0.33400000E+003  0.38557462E-001
  0.33500000E+003  0.38280060E-001
  0.33600000E+003  0.38006107E-001
  0.33700000E+003  0.37735703E-001
  0.33800000E+003  0.37468947E-001
  0.33900000E+003  0.37205939E-001
  0.34000000E+003  0.36946777E-001
  0.34100000E+003  0.36691561E-001
  0.34200000E+003  0.36440391E-001
  0.34300000E+003  0.36193365E-001
  0.34400000E+003  0.35950584E-001
  0.34500000E+003  0.35712146E-001
  0.34600000E+003  0.35478151E-001
  0.34700000E+003  0.35248699E-001
  0.34800000E+003  0.35023888E-001
  0.34900000E+003  0.34803818E-001
  0.35000000E+003  0.34588588E-001
  0.35100000E+003  0.34378280E-001
  0.35200000E+003  0.34172899E-001
  0.35300000E+003  0.33972435E-001
  0.35400000E+003  0.33776874E-001
  0.35500000E+003  0.33586207E-001
  0.35600000E+003  0.33400420E-001
  0.35700000E+003  0.33219502E-001
  0.35800000E+003  0.33043441E-001
  0.35900000E+003  0.32872225E-001
  0.36000000E+003  0.32705842E-001
  0.36100000E+003  0.32544281E-001
  0.36200000E+003  0.32387530E-001
  0.36300000E+003  0.32235577E-001
  0.36400000E+003  0.32088410E-001
  0.36500000E+003  0.31946017E-001
  0.36600000E+003  0.31808387E-001
  0.36700000E+003  0.31675508E-001
  0.36800000E+003  0.31547368E-001
  0.36900000E+003  0.31423954E-001
  0.37000000E+003  0.31305256E-001
  0.37100000E+003  0.31191262E-001
  0.37200000E+003  0.31081959E-001
  0.37300000E+003  0.30977335E-001
  0.37400000E+003  0.30877380E-001
  0.37500000E+003  0.30782082E-001
  0.37600000E+003  0.30691427E-001
  0.37700000E+003  0.30605405E-001
  0.37800000E+003  0.30524004E-001
  0.37900000E+003  0.30447212E-001
  0.38000000E+003  0.30375017E-001
  0.38100000E+003  0.30307408E-001
  0.38200000E+003  0.30244372E-001
  0.38300000E+003  0.30185897E-001
  0.38400000E+003  0.30131973E-001
  0.38500000E+003  0.30082587E-001
  0.38600000E+003  0.30037727E-001
  0.38700000E+003  0.29997381E-001
  0.38800000E+003  0.29961538E-001
  0.38900000E+003  0.29930186E-001
  0.39000000E+003  0.29903313E-001
  0.39100000E+003  0.29880907E-001
  0.39200000E+003  0.29862957E-001
  0.39300000E+003  0.29849450E-001
  0.39400000E+003  0.29840375E-001
  0.39500000E+003  0.29835720E-001
  0.39600000E+003  0.29835473E-001
  0.39700000E+003  0.29839623E-001
  0.39800000E+003  0.29848157E-001
  0.39900000E+003  0.29861064E-001
  0.40000000E+003  0.29878331E-001
  0.40100000E+003  0.29899935E-001
  0.40200000E+003  0.29925796E-001
  0.40300000E+003  0.29955822E-001
  0.40400000E+003  0.29989923E-001
  0.40500000E+003  0.30028006E-001
  0.40600000E+003  0.30069980E-001
  0.40700000E+003  0.30115752E-001
  0.40800000E+003  0.30165233E-001
  0.40900000E+003  0.30218328E-001
  0.41000000E+003  0.30274948E-001
  0.41100000E+003  0.30335000E-001
  0.41200000E+003  0.30398393E-001
  0.41300000E+003  0.30465035E-001
  0.41400000E+003  0.30534834E-001
  0.41500000E+003  0.30607699E-001
  0.41600000E+003  0.30683538E-001
  0.41700000E+003  0.30762259E-001
  0.41800000E+003  0.30843771E-001
  0.41900000E+003  0.30927981E-001
  0.42000000E+003  0.31014799E-001
  0.42100000E+003  0.31104132E-001
  0.42200000E+003  0.31195890E-001
  0.42300000E+003  0.31289979E-001
  0.42400000E+003  0.31386309E-001
  0.42500000E+003  0.31484788E-001
  0.42600000E+003  0.31585325E-001
  0.42700000E+003  0.31687826E-001
  0.42800000E+003  0.31792202E-001
  0.42900000E+003  0.31898360E-001
  0.43000000E+003  0.32006208E-001
  0.43100000E+003  0.32115655E-001
  0.43200000E+003  0.32226609E-001
  0.43300000E+003  0.32338979E-001
  0.43400000E+003  0.32452672E-001
  0.43500000E+003  0.32567598E-001
  0.43600000E+003  0.32683664E-001
  0.43700000E+003  0.32800778E-001
  0.43800000E+003  0.32918850E-001
  0.43900000E+003  0.33037788E-001
  0.44000000E+003  0.33157499E-001
  0.44100000E+003  0.33277892E-001
  0.44200000E+003  0.33398875E-001
  0.44300000E+003  0.33520357E-001
  0.44400000E+003  0.33642246E-001
  0.44500000E+003  0.33764451E-001
  0.44600000E+003  0.33886879E-001
  0.44700000E+003  0.34009439E-001
  0.44800000E+003  0.34132040E-001
  0.44900000E+003  0.34254589E-001
  0.45000000E+003  0.34376996E-001
  0.45100000E+003  0.34499172E-001
  0.45200000E+003  0.34621051E-001
  0.45300000E+003  0.34742569E-001
  0.45400000E+003  0.34863665E-001
  0.45500000E+003  0.34984274E-001
  0.45600000E+003  0.35104335E-001
  0.45700000E+003  0.35223784E-001
  0.45800000E+003  0.35342559E-001
  0.45900000E+003  0.35460597E-001
  0.46000000E+003  0.35577835E-001
  0.46100000E+003  0.35694210E-001
  0.46200000E+003  0.35809660E-001
  0.46300000E+003  0.35924121E-001
  0.46400000E+003  0.36037532E-001
  0.46500000E+003  0.36149828E-001
  0.46600000E+003  0.36260947E-001
  0.46700000E+003  0.36370827E-001
  0.46800000E+003  0.36479405E-001
  0.46900000E+003  0.36586618E-001
  0.47000000E+003  0.36692402E-001
  0.47100000E+003  0.36796696E-001
  0.47200000E+003  0.36899436E-001
  0.47300000E+003  0.37000560E-001
  0.47400000E+003  0.37100005E-001
  0.47500000E+003  0.37197707E-001
  0.47600000E+003  0.37293605E-001
  0.47700000E+003  0.37387636E-001
  0.47800000E+003  0.37479736E-001
  0.47900000E+003  0.37569843E-001
  0.48000000E+003  0.37657893E-001
  0.48100000E+003  0.37743825E-001
  0.48200000E+003  0.37827576E-001
  0.48300000E+003  0.37909082E-001
  0.48400000E+003  0.37988281E-001
  0.48500000E+003  0.38065110E-001
  0.48600000E+003  0.38139506E-001
  0.48700000E+003  0.38211406E-001
  0.48800000E+003  0.38280748E-001
  0.48900000E+003  0.38347469E-001
  0.49000000E+003  0.38411506E-001
  0.49100000E+003  0.38472796E-001
  0.49200000E+003  0.38531277E-001
  0.49300000E+003  0.38586885E-001
  0.49400000E+003  0.38639557E-001
  0.49500000E+003  0.38689232E-001
  0.49600000E+003  0.38735846E-001
  0.49700000E+003  0.38779336E-001
  0.49800000E+003  0.38819640E-001
  0.49900000E+003  0.38856695E-001
  0.50000000E+003  0.38890437E-001
  0.50100000E+003  0.38920820E-001
  0.50200000E+003  0.38947854E-001
  0.50300000E+003  0.38971567E-001
  0.50400000E+003  0.38991985E-001
  0.50500000E+003  0.39009134E-001
  0.50600000E+003  0.39023042E-001
  0.50700000E+003  0.39033735E-001
  0.50800000E+003  0.39041239E-001
  0.50900000E+003  0.39045581E-001
  0.51000000E+003  0.39046788E-001
  0.51100000E+003  0.39044887E-001
  0.51200000E+003  0.39039904E-001
  0.51300000E+003  0.39031865E-001
  0.51400000E+003  0.39020798E-001
  0.51500000E+003  0.39006728E-001
  0.51600000E+003  0.38989683E-001
  0.51700000E+003  0.38969690E-001
  0.51800000E+003  0.38946774E-001
  0.51900000E+003  0.38920962E-001
  0.52000000E+003  0.38892282E-001
  0.52100000E+003  0.38860759E-001
  0.52200000E+003  0.38826421E-001
  0.52300000E+003  0.38789293E-001
  0.52400000E+003  0.38749404E-001
  0.52500000E+003  0.38706778E-001
  0.52600000E+003  0.38661443E-001
  0.52700000E+003  0.38613426E-001
  0.52800000E+003  0.38562752E-001
  0.52900000E+003  0.38509450E-001
  0.53000000E+003  0.38453545E-001
  0.53100000E+003  0.38395063E-001
  0.53200000E+003  0.38334032E-001
  0.53300000E+003  0.38270479E-001
  0.53400000E+003  0.38204429E-001
  0.53500000E+003  0.38135910E-001
  0.53600000E+003  0.38064948E-001
  0.53700000E+003  0.37991570E-001
  0.53800000E+003  0.37915802E-001
  0.53900000E+003  0.37837671E-001
  0.54000000E+003  0.37757203E-001
  0.54100000E+003  0.37674426E-001
  0.54200000E+003  0.37589366E-001
  0.54300000E+003  0.37502049E-001
  0.54400000E+003  0.37412502E-001
  0.54500000E+003  0.37320752E-001
  0.54600000E+003  0.37226825E-001
  0.54700000E+003  0.37130748E-001
  0.54800000E+003  0.37032548E-001
  0.54900000E+003  0.36932252E-001
  0.55000000E+003  0.36829885E-001
  0.55100000E+003  0.36725482E-001
  0.55200000E+003  0.36619106E-001
  0.55300000E+003  0.36510830E-001
  0.55400000E+003  0.36400724E-001
  0.55500000E+003  0.36288859E-001
  0.55600000E+003  0.36175307E-001
  0.55700000E+003  0.36060138E-001
  0.55800000E+003  0.35943425E-001
  0.55900000E+003  0.35825238E-001
  0.56000000E+003  0.35705648E-001
  0.56100000E+003  0.35584727E-001
  0.56200000E+003  0.35462546E-001
  0.56300000E+003  0.35339176E-001
  0.56400000E+003  0.35214688E-001
  0.56500000E+003  0.35089154E-001
  0.56600000E+003  0.34962645E-001
  0.56700000E+003  0.34835232E-001
  0.56800000E+003  0.34706986E-001
  0.56900000E+003  0.34577978E-001
  0.57000000E+003  0.34448280E-001
  0.57100000E+003  0.34317963E-001
  0.57200000E+003  0.34187098E-001
  0.57300000E+003  0.34055756E-001
  0.57400000E+003  0.33924009E-001
  0.57500000E+003  0.33791928E-001
  0.57600000E+003  0.33659584E-001
  0.57700000E+003  0.33527048E-001
  0.57800000E+003  0.33394391E-001
  0.57900000E+003  0.33261685E-001
  0.58000000E+003  0.33129000E-001
  0.58100000E+003  0.32996409E-001
  0.58200000E+003  0.32863982E-001
  0.58300000E+003  0.32731791E-001
  0.58400000E+003  0.32599906E-001
  0.58500000E+003  0.32468400E-001
  0.58600000E+003  0.32337342E-001
  0.58700000E+003  0.32206805E-001
  0.58800000E+003  0.32076859E-001
  0.58900000E+003  0.31947577E-001
  0.59000000E+003  0.31819028E-001
  0.59100000E+003  0.31691285E-001
  0.59200000E+003  0.31564418E-001
  0.59300000E+003  0.31438499E-001
  0.59400000E+003  0.31313598E-001
  0.59500000E+003  0.31189788E-001
  0.59600000E+003  0.31067139E-001
  0.59700000E+003  0.30945723E-001
  0.59800000E+003  0.30825611E-001
  0.59900000E+003  0.30706873E-001
  0.60000000E+003  0.30589582E-001
  0.60100000E+003  0.30473802E-001
  0.60200000E+003  0.30359573E-001
  0.60300000E+003  0.30246928E-001
  0.60400000E+003  0.30135901E-001
  0.60500000E+003  0.30026524E-001
  0.60600000E+003  0.29918832E-001
  0.60700000E+003  0.29812858E-001
  0.60800000E+003  0.29708635E-001
  0.60900000E+003  0.29606196E-001
  0.61000000E+003  0.29505575E-001
  0.61100000E+003  0.29406805E-001
  0.61200000E+003  0.29309920E-001
  0.61300000E+003  0.29214952E-001
  0.61400000E+003  0.29121937E-001
  0.61500000E+003  0.29030905E-001
  0.61600000E+003  0.28941892E-001
  0.61700000E+003  0.28854930E-001
  0.61800000E+003  0.28770054E-001
  0.61900000E+003  0.28687295E-001
  0.62000000E+003  0.28606688E-001
  0.62100000E+003  0.28528266E-001
  0.62200000E+003  0.28452062E-001
  0.62300000E+003  0.28378110E-001
  0.62400000E+003  0.28306443E-001
  0.62500000E+003  0.28237094E-001
  0.62600000E+003  0.28170098E-001
  0.62700000E+003  0.28105486E-001
  0.62800000E+003  0.28043293E-001
  0.62900000E+003  0.27983552E-001
  0.63000000E+003  0.27926297E-001
  0.63100000E+003  0.27871560E-001
  0.63200000E+003  0.27819375E-001
  0.63300000E+003  0.27769775E-001
  0.63400000E+003  0.27722795E-001
  0.63500000E+003  0.27678466E-001
  0.63600000E+003  0.27636824E-001
  0.63700000E+003  0.27597900E-001
  0.63800000E+003  0.27561728E-001
  0.63900000E+003  0.27528343E-001
  0.64000000E+003  0.27497776E-001
  0.64100000E+003  0.27470062E-001
  0.64200000E+003  0.27445233E-001
  0.64300000E+003  0.27423324E-001
  0.64400000E+003  0.27404367E-001
  0.64500000E+003  0.27388397E-001
  0.64600000E+003  0.27375445E-001
  0.64700000E+003  0.27365547E-001
  0.64800000E+003  0.27358734E-001
  0.64900000E+003  0.27355041E-001
  0.65000000E+003  0.27354501E-001
  0.65100000E+003  0.27357134E-001
  0.65200000E+003  0.27362912E-001
  0.65300000E+003  0.27371793E-001
  0.65400000E+003  0.27383736E-001
  0.65500000E+003  0.27398699E-001
  0.65600000E+003  0.27416640E-001
  0.65700000E+003  0.27437517E-001
  0.65800000E+003  0.27461291E-001
  0.65900000E+003  0.27487918E-001
  0.66000000E+003  0.27517357E-001
  0.66100000E+003  0.27549566E-001
  0.66200000E+003  0.27584505E-001
  0.66300000E+003  0.27622131E-001
  0.66400000E+003  0.27662403E-001
  0.66500000E+003  0.27705279E-001
  0.66600000E+003  0.27750718E-001
  0.66700000E+003  0.27798679E-001
  0.66800000E+003  0.27849119E-001
  0.66900000E+003  0.27901997E-001
  0.67000000E+003  0.27957272E-001
  0.67100000E+003  0.28014902E-001
  0.67200000E+003  0.28074845E-001
  0.67300000E+003  0.28137060E-001
  0.67400000E+003  0.28201505E-001
  0.67500000E+003  0.28268139E-001
  0.67600000E+003  0.28336920E-001
  0.67700000E+003  0.28407807E-001
  0.67800000E+003  0.28480758E-001
  0.67900000E+003  0.28555731E-001
  0.68000000E+003  0.28632685E-001
  0.68100000E+003  0.28711579E-001
  0.68200000E+003  0.28792371E-001
  0.68300000E+003  0.28875018E-001
  0.68400000E+003  0.28959481E-001
  0.68500000E+003  0.29045716E-001
  0.68600000E+003  0.29133683E-001
  0.68700000E+003  0.29223341E-001
  0.68800000E+003  0.29314646E-001
  0.68900000E+003  0.29407559E-001
  0.69000000E+003  0.29502036E-001
  0.69100000E+003  0.29598038E-001
  0.69200000E+003  0.29695522E-001
  0.69300000E+003  0.29794446E-001
  0.69400000E+003  0.29894770E-001
  0.69500000E+003  0.29996451E-001
  0.69600000E+003  0.30099448E-001
  0.69700000E+003  0.30203719E-001
  0.69800000E+003  0.30309223E-001
  0.69900000E+003  0.30415918E-001
  0.70000000E+003  0.30523764E-001
  0.70100000E+003  0.30632713E-001
  0.70200000E+003  0.30742707E-001
  0.70300000E+003  0.30853681E-001
  0.70400000E+003  0.30965572E-001
  0.70500000E+003  0.31078315E-001
  0.70600000E+003  0.31191847E-001
  0.70700000E+003  0.31306103E-001
  0.70800000E+003  0.31421020E-001
  0.70900000E+003  0.31536535E-001
  0.71000000E+003  0.31652582E-001
  0.71100000E+003  0.31769098E-001
  0.71200000E+003  0.31886019E-001
  0.71300000E+003  0.32003282E-001
  0.71400000E+003  0.32120822E-001
  0.71500000E+003  0.32238575E-001
  0.71600000E+003  0.32356478E-001
  0.71700000E+003  0.32474467E-001
  0.71800000E+003  0.32592477E-001
  0.71900000E+003  0.32710445E-001
  0.72000000E+003  0.32828307E-001
  0.72100000E+003  0.32945999E-001
  0.72200000E+003  0.33063458E-001
  0.72300000E+003  0.33180618E-001
  0.72400000E+003  0.33297417E-001
  0.72500000E+003  0.33413790E-001
  0.72600000E+003  0.33529673E-001
  0.72700000E+003  0.33645003E-001
  0.72800000E+003  0.33759716E-001
  0.72900000E+003  0.33873747E-001
  0.73000000E+003  0.33987033E-001
  0.73100000E+003  0.34099510E-001
  0.73200000E+003  0.34211115E-001
  0.73300000E+003  0.34321782E-001
  0.73400000E+003  0.34431448E-001
  0.73500000E+003  0.34540050E-001
  0.73600000E+003  0.34647523E-001
  0.73700000E+003  0.34753804E-001
  0.73800000E+003  0.34858828E-001
  0.73900000E+003  0.34962532E-001
  0.74000000E+003  0.35064852E-001
  0.74100000E+003  0.35165723E-001
  0.74200000E+003  0.35265083E-001
  0.74300000E+003  0.35362866E-001
  0.74400000E+003  0.35459010E-001
  0.74500000E+003  0.35553450E-001
  0.74600000E+003  0.35646122E-001
  0.74700000E+003  0.35736963E-001
  0.74800000E+003  0.35825908E-001
  0.74900000E+003  0.35912893E-001
  0.75000000E+003  0.35997856E-001
  0.75100000E+003  0.36080738E-001
  0.75200000E+003  0.36161509E-001
  0.75300000E+003  0.36240148E-001
  0.75400000E+003  0.36316630E-001
  0.75500000E+003  0.36390932E-001
  0.75600000E+003  0.36463033E-001
  0.75700000E+003  0.36532907E-001
  0.75800000E+003  0.36600534E-001
  0.75900000E+003  0.36665889E-001
  0.76000000E+003  0.36728949E-001
  0.76100000E+003  0.36789692E-001
  0.76200000E+003  0.36848094E-001
  0.76300000E+003  0.36904132E-001
  0.76400000E+003  0.36957784E-001
  0.76500000E+003  0.37009026E-001
  0.76600000E+003  0.37057836E-001
  0.76700000E+003  0.37104189E-001
  0.76800000E+003  0.37148064E-001
  0.76900000E+003  0.37189437E-001
  0.77000000E+003  0.37228285E-001
  0.77100000E+003  0.37264585E-001
  0.77200000E+003  0.37298314E-001
  0.77300000E+003  0.37329449E-001
  0.77400000E+003  0.37357967E-001
  0.77500000E+003  0.37383845E-001
  0.77600000E+003  0.37407060E-001
  0.77700000E+003  0.37427589E-001
  0.77800000E+003  0.37445408E-001
  0.77900000E+003  0.37460495E-001
  0.78000000E+003  0.37472827E-001
  0.78100000E+003  0.37482381E-001
  0.78200000E+003  0.37489134E-001
  0.78300000E+003  0.37493062E-001
  0.78400000E+003  0.37494143E-001
  0.78500000E+003  0.37492353E-001
  0.78600000E+003  0.37487670E-001
  0.78700000E+003  0.37480070E-001
  0.78800000E+003  0.37469531E-001
  0.78900000E+003  0.37456029E-001
  0.79000000E+003  0.37439542E-001
  0.79100000E+003  0.37420046E-001
  0.79200000E+003  0.37397519E-001
  0.79300000E+003  0.37371936E-001
  0.79400000E+003  0.37343276E-001
  0.79500000E+003  0.37311515E-001
  0.79600000E+003  0.37276631E-001
  0.79700000E+003  0.37238599E-001
  0.79800000E+003  0.37197398E-001
  0.79900000E+003  0.37153004E-001
  0.80000000E+003  0.37105393E-001
  0.80100000E+003  0.37054555E-001
  0.80200000E+003  0.37000521E-001
  0.80300000E+003  0.36943335E-001
  0.80400000E+003  0.36883039E-001
  0.80500000E+003  0.36819678E-001
  0.80600000E+003  0.36753293E-001
  0.80700000E+003  0.36683929E-001
  0.80800000E+003  0.36611629E-001
  0.80900000E+003  0.36536435E-001
  0.81000000E+003  0.36458392E-001
  0.81100000E+003  0.36377543E-001
  0.81200000E+003  0.36293929E-001
  0.81300000E+003  0.36207596E-001
  0.81400000E+003  0.36118586E-001
  0.81500000E+003  0.36026943E-001
  0.81600000E+003  0.35932709E-001
  0.81700000E+003  0.35835928E-001
  0.81800000E+003  0.35736643E-001
  0.81900000E+003  0.35634898E-001
  0.82000000E+003  0.35530735E-001
  0.82100000E+003  0.35424198E-001
  0.82200000E+003  0.35315330E-001
  0.82300000E+003  0.35204174E-001
  0.82400000E+003  0.35090774E-001
  0.82500000E+003  0.34975173E-001
  0.82600000E+003  0.34857414E-001
  0.82700000E+003  0.34737540E-001
  0.82800000E+003  0.34615595E-001
  0.82900000E+003  0.34491621E-001
  0.83000000E+003  0.34365663E-001
  0.83100000E+003  0.34237763E-001
  0.83200000E+003  0.34107964E-001
  0.83300000E+003  0.33976311E-001
  0.83400000E+003  0.33842845E-001
  0.83500000E+003  0.33707610E-001
  0.83600000E+003  0.33570650E-001
  0.83700000E+003  0.33432008E-001
  0.83800000E+003  0.33291726E-001
  0.83900000E+003  0.33149849E-001
  0.84000000E+003  0.33006420E-001
  0.84100000E+003  0.32861481E-001
  0.84200000E+003  0.32715076E-001
  0.84300000E+003  0.32567248E-001
  0.84400000E+003  0.32418040E-001
  0.84500000E+003  0.32267497E-001
  0.84600000E+003  0.32115660E-001
  0.84700000E+003  0.31962573E-001
  0.84800000E+003  0.31808280E-001
  0.84900000E+003  0.31652823E-001
  0.85000000E+003  0.31496247E-001
  0.85100000E+003  0.31338595E-001
  0.85200000E+003  0.31179923E-001
  0.85300000E+003  0.31020285E-001
  0.85400000E+003  0.30859737E-001
  0.85500000E+003  0.30698336E-001
  0.85600000E+003  0.30536138E-001
  0.85700000E+003  0.30373197E-001
  0.85800000E+003  0.30209569E-001
  0.85900000E+003  0.30045312E-001
  0.86000000E+003  0.29880479E-001
  0.86100000E+003  0.29715128E-001
  0.86200000E+003  0.29549313E-001
  0.86300000E+003  0.29383092E-001
  0.86400000E+003  0.29216518E-001
  0.86500000E+003  0.29049649E-001
  0.86600000E+003  0.28882540E-001
  0.86700000E+003  0.28715248E-001
  0.86800000E+003  0.28547826E-001
  0.86900000E+003  0.28380332E-001
  0.87000000E+003  0.28212822E-001
  0.87100000E+003  0.28045350E-001
  0.87200000E+003  0.27877974E-001
  0.87300000E+003  0.27710748E-001
  0.87400000E+003  0.27543728E-001
  0.87500000E+003  0.27376971E-001
  0.87600000E+003  0.27210532E-001
  0.87700000E+003  0.27044467E-001
  0.87800000E+003  0.26878831E-001
  0.87900000E+003  0.26713681E-001
  0.88000000E+003  0.26549072E-001
  0.88100000E+003  0.26385060E-001
  0.88200000E+003  0.26221701E-001
  0.88300000E+003  0.26059051E-001
  0.88400000E+003  0.25897165E-001
  0.88500000E+003  0.25736100E-001
  0.88600000E+003  0.25575910E-001
  0.88700000E+003  0.25416652E-001
  0.88800000E+003  0.25258382E-001
  0.88900000E+003  0.25101155E-001
  0.89000000E+003  0.24945028E-001
  0.89100000E+003  0.24790055E-001
  0.89200000E+003  0.24636294E-001
  0.89300000E+003  0.24483799E-001
  0.89400000E+003  0.24332626E-001
  0.89500000E+003  0.24182832E-001
  0.89600000E+003  0.24034471E-001
  0.89700000E+003  0.23887601E-001
  0.89800000E+003  0.23742276E-001
  0.89900000E+003  0.23598552E-001
  0.90000000E+003  0.23456486E-001
  0.90100000E+003  0.23316126E-001
  0.90200000E+003  0.23177497E-001
  0.90300000E+003  0.23040616E-001
  0.90400000E+003  0.22905499E-001
  0.90500000E+003  0.22772166E-001
  0.90600000E+003  0.22640632E-001
  0.90700000E+003  0.22510916E-001
  0.90800000E+003  0.22383035E-001
  0.90900000E+003  0.22257006E-001
  0.91000000E+003  0.22132847E-001
  0.91100000E+003  0.22010574E-001
  0.91200000E+003  0.21890207E-001
  0.91300000E+003  0.21771761E-001
  0.91400000E+003  0.21655255E-001
  0.91500000E+003  0.21540705E-001
  0.91600000E+003  0.21428129E-001
  0.91700000E+003  0.21317545E-001
  0.91800000E+003  0.21208970E-001
  0.91900000E+003  0.21102422E-001
  0.92000000E+003  0.20997917E-001
  0.92100000E+003  0.20895473E-001
  0.92200000E+003  0.20795108E-001
  0.92300000E+003  0.20696839E-001
  0.92400000E+003  0.20600684E-001
  0.92500000E+003  0.20506659E-001
  0.92600000E+003  0.20414782E-001
  0.92700000E+003  0.20325072E-001
  0.92800000E+003  0.20237544E-001
  0.92900000E+003  0.20152217E-001
  0.93000000E+003  0.20069107E-001
  0.93100000E+003  0.19988233E-001
  0.93200000E+003  0.19909612E-001
  0.93300000E+003  0.19833260E-001
  0.93400000E+003  0.19759197E-001
  0.93500000E+003  0.19687438E-001
  0.93600000E+003  0.19618001E-001
  0.93700000E+003  0.19550905E-001
  0.93800000E+003  0.19486165E-001
  0.93900000E+003  0.19423800E-001
  0.94000000E+003  0.19363827E-001
  0.94100000E+003  0.19306263E-001
  0.94200000E+003  0.19251127E-001
  0.94300000E+003  0.19198434E-001
  0.94400000E+003  0.19148203E-001
  0.94500000E+003  0.19100451E-001
  0.94600000E+003  0.19055196E-001
  0.94700000E+003  0.19012454E-001
  0.94800000E+003  0.18972244E-001
  0.94900000E+003  0.18934582E-001
  0.95000000E+003  0.18899487E-001
  0.95100000E+003  0.18866966E-001
  0.95200000E+003  0.18836996E-001
  0.95300000E+003  0.18809542E-001
  0.95400000E+003  0.18784572E-001
  0.95500000E+003  0.18762051E-001
  0.95600000E+003  0.18741948E-001
  0.95700000E+003  0.18724227E-001
  0.95800000E+003  0.18708857E-001
  0.95900000E+003  0.18695803E-001
  0.96000000E+003  0.18685032E-001
  0.96100000E+003  0.18676511E-001
  0.96200000E+003  0.18670206E-001
  0.96300000E+003  0.18666085E-001
  0.96400000E+003  0.18664113E-001
  0.96500000E+003  0.18664257E-001
  0.96600000E+003  0.18666485E-001
  0.96700000E+003  0.18670762E-001
  0.96800000E+003  0.18677055E-001
  0.96900000E+003  0.18685331E-001
  0.97000000E+003  0.18695556E-001
  0.97100000E+003  0.18707697E-001
  0.97200000E+003  0.18721722E-001
  0.97300000E+003  0.18737595E-001
  0.97400000E+003  0.18755284E-001
  0.97500000E+003  0.18774756E-001
  0.97600000E+003  0.18795978E-001
  0.97700000E+003  0.18818915E-001
  0.97800000E+003  0.18843534E-001
  0.97900000E+003  0.18869803E-001
  0.98000000E+003  0.18897687E-001
  0.98100000E+003  0.18927154E-001
  0.98200000E+003  0.18958170E-001
  0.98300000E+003  0.18990701E-001
  0.98400000E+003  0.19024715E-001
  0.98500000E+003  0.19060177E-001
  0.98600000E+003  0.19097055E-001
  0.98700000E+003  0.19135316E-001
  0.98800000E+003  0.19174925E-001
  0.98900000E+003  0.19215849E-001
  0.99000000E+003  0.19258055E-001
  0.99100000E+003  0.19301510E-001
  0.99200000E+003  0.19346181E-001
  0.99300000E+003  0.19392033E-001
  0.99400000E+003  0.19439034E-001
  0.99500000E+003  0.19487149E-001
  0.99600000E+003  0.19536347E-001
  0.99700000E+003  0.19586593E-001
  0.99800000E+003  0.19637855E-001
  0.99900000E+003  0.19690097E-001
  0.10000000E+004  0.19743289E-001
  0.10010000E+004  0.19797393E-001
  0.10020000E+004  0.19852369E-001
  0.10030000E+004  0.19908174E-001
  0.10040000E+004  0.19964763E-001
  0.10050000E+004  0.20022094E-001
  0.10060000E+004  0.20080124E-001
  0.10070000E+004  0.20138809E-001
  0.10080000E+004  0.20198105E-001
  0.10090000E+004  0.20257970E-001
  0.10100000E+004  0.20318360E-001
  0.10110000E+004  0.20379232E-001
  0.10120000E+004  0.20440543E-001
  0.10130000E+004  0.20502249E-001
  0.10140000E+004  0.20564306E-001
  0.10150000E+004  0.20626673E-001
  0.10160000E+004  0.20689304E-001
  0.10170000E+004  0.20752158E-001
  0.10180000E+004  0.20815190E-001
  0.10190000E+004  0.20878358E-001
  0.10200000E+004  0.20941618E-001
  0.10210000E+004  0.21004926E-001
  0.10220000E+004  0.21068241E-001
  0.10230000E+004  0.21131517E-001
  0.10240000E+004  0.21194712E-001
  0.10250000E+004  0.21257783E-001
  0.10260000E+004  0.21320685E-001
  0.10270000E+004  0.21383377E-001
  0.10280000E+004  0.21445815E-001
  0.10290000E+004  0.21507954E-001
  0.10300000E+004  0.21569753E-001
  0.10310000E+004  0.21631168E-001
  0.10320000E+004  0.21692154E-001
  0.10330000E+004  0.21752670E-001
  0.10340000E+004  0.21812672E-001
  0.10350000E+004  0.21872116E-001
  0.10360000E+004  0.21930959E-001
  0.10370000E+004  0.21989158E-001
  0.10380000E+004  0.22046670E-001
  0.10390000E+004  0.22103451E-001
  0.10400000E+004  0.22159458E-001
  0.10410000E+004  0.22214647E-001
  0.10420000E+004  0.22268976E-001
  0.10430000E+004  0.22322400E-001
  0.10440000E+004  0.22374878E-001
  0.10450000E+004  0.22426364E-001
  0.10460000E+004  0.22476817E-001
  0.10470000E+004  0.22526193E-001
  0.10480000E+004  0.22574448E-001
  0.10490000E+004  0.22621539E-001
  0.10500000E+004  0.22667423E-001
  0.10510000E+004  0.22712062E-001
  0.10520000E+004  0.22755438E-001
  0.10530000E+004  0.22797540E-001
  0.10540000E+004  0.22838356E-001
  0.10550000E+004  0.22877873E-001
  0.10560000E+004  0.22916081E-001
  0.10570000E+004  0.22952966E-001
  0.10580000E+004  0.22988518E-001
  0.10590000E+004  0.23022723E-001
  0.10600000E+004  0.23055571E-001
  0.10610000E+004  0.23087049E-001
  0.10620000E+004  0.23117146E-001
  0.10630000E+004  0.23145849E-001
  0.10640000E+004  0.23173146E-001
  0.10650000E+004  0.23199026E-001
  0.10660000E+004  0.23223477E-001
  0.10670000E+004  0.23246486E-001
  0.10680000E+004  0.23268043E-001
  0.10690000E+004  0.23288134E-001
  0.10700000E+004  0.23306748E-001
  0.10710000E+004  0.23323873E-001
  0.10720000E+004  0.23339497E-001
  0.10730000E+004  0.23353609E-001
  0.10740000E+004  0.23366195E-001
  0.10750000E+004  0.23377245E-001
  0.10760000E+004  0.23386747E-001
  0.10770000E+004  0.23394688E-001
  0.10780000E+004  0.23401056E-001
  0.10790000E+004  0.23405840E-001
  0.10800000E+004  0.23409028E-001
  0.10810000E+004  0.23410608E-001
  0.10820000E+004  0.23410567E-001
  0.10830000E+004  0.23408895E-001
  0.10840000E+004  0.23405578E-001
  0.10850000E+004  0.23400606E-001
  0.10860000E+004  0.23393966E-001
  0.10870000E+004  0.23385646E-001
  0.10880000E+004  0.23375634E-001
  0.10890000E+004  0.23363919E-001
  0.10900000E+004  0.23350488E-001
  0.10910000E+004  0.23335330E-001
  0.10920000E+004  0.23318432E-001
  0.10930000E+004  0.23299783E-001
  0.10940000E+004  0.23279371E-001
  0.10950000E+004  0.23257184E-001
  0.10960000E+004  0.23233210E-001
  0.10970000E+004  0.23207437E-001
  0.10980000E+004  0.23179852E-001
  0.10990000E+004  0.23150445E-001
  0.11000000E+004  0.23119203E-001
  0.11010000E+004  0.23086123E-001
  0.11020000E+004  0.23051229E-001
  0.11030000E+004  0.23014557E-001
  0.11040000E+004  0.22976140E-001
  0.11050000E+004  0.22936012E-001
  0.11060000E+004  0.22894208E-001
  0.11070000E+004  0.22850760E-001
  0.11080000E+004  0.22805704E-001
  0.11090000E+004  0.22759073E-001
  0.11100000E+004  0.22710902E-001
  0.11110000E+004  0.22661223E-001
  0.11120000E+004  0.22610072E-001
  0.11130000E+004  0.22557482E-001
  0.11140000E+004  0.22503487E-001
  0.11150000E+004  0.22448121E-001
  0.11160000E+004  0.22391419E-001
  0.11170000E+004  0.22333413E-001
  0.11180000E+004  0.22274139E-001
  0.11190000E+004  0.22213629E-001
  0.11200000E+004  0.22151919E-001
  0.11210000E+004  0.22089042E-001
  0.11220000E+004  0.22025031E-001
  0.11230000E+004  0.21959922E-001
  0.11240000E+004  0.21893748E-001
  0.11250000E+004  0.21826543E-001
  0.11260000E+004  0.21758341E-001
  0.11270000E+004  0.21689176E-001
  0.11280000E+004  0.21619082E-001
  0.11290000E+004  0.21548093E-001
  0.11300000E+004  0.21476242E-001
  0.11310000E+004  0.21403565E-001
  0.11320000E+004  0.21330095E-001
  0.11330000E+004  0.21255865E-001
  0.11340000E+004  0.21180911E-001
  0.11350000E+004  0.21105265E-001
  0.11360000E+004  0.21028962E-001
  0.11370000E+004  0.20952036E-001
  0.11380000E+004  0.20874521E-001
  0.11390000E+004  0.20796451E-001
  0.11400000E+004  0.20717860E-001
  0.11410000E+004  0.20638781E-001
  0.11420000E+004  0.20559250E-001
  0.11430000E+004  0.20479299E-001
  0.11440000E+004  0.20398962E-001
  0.11450000E+004  0.20318275E-001
  0.11460000E+004  0.20237270E-001
  0.11470000E+004  0.20155982E-001
  0.11480000E+004  0.20074445E-001
  0.11490000E+004  0.19992693E-001
  0.11500000E+004  0.19910759E-001
  0.11510000E+004  0.19828673E-001
  0.11520000E+004  0.19746442E-001
  0.11530000E+004  0.19664070E-001
  0.11540000E+004  0.19581560E-001
  0.11550000E+004  0.19498914E-001
  0.11560000E+004  0.19416135E-001
  0.11570000E+004  0.19333227E-001
  0.11580000E+004  0.19250192E-001
  0.11590000E+004  0.19167033E-001
  0.11600000E+004  0.19083754E-001
  0.11610000E+004  0.19000357E-001
  0.11620000E+004  0.18916844E-001
  0.11630000E+004  0.18833220E-001
  0.11640000E+004  0.18749487E-001
  0.11650000E+004  0.18665648E-001
  0.11660000E+004  0.18581706E-001
  0.11670000E+004  0.18497663E-001
  0.11680000E+004  0.18413523E-001
  0.11690000E+004  0.18329289E-001
  0.11700000E+004  0.18244964E-001
  0.11710000E+004  0.18160550E-001
  0.11720000E+004  0.18076051E-001
  0.11730000E+004  0.17991470E-001
  0.11740000E+004  0.17906809E-001
  0.11750000E+004  0.17822071E-001
  0.11760000E+004  0.17737259E-001
  0.11770000E+004  0.17652377E-001
  0.11780000E+004  0.17567427E-001
  0.11790000E+004  0.17482413E-001
  0.11800000E+004  0.17397336E-001
  0.11810000E+004  0.17312201E-001
  0.11820000E+004  0.17227009E-001
  0.11830000E+004  0.17141765E-001
  0.11840000E+004  0.17056470E-001
  0.11850000E+004  0.16971128E-001
  0.11860000E+004  0.16885742E-001
  0.11870000E+004  0.16800315E-001
  0.11880000E+004  0.16714850E-001
  0.11890000E+004  0.16629349E-001
  0.11900000E+004  0.16543816E-001
  0.11910000E+004  0.16458253E-001
  0.11920000E+004  0.16372664E-001
  0.11930000E+004  0.16287051E-001
  0.11940000E+004  0.16201418E-001
  0.11950000E+004  0.16115767E-001
  0.11960000E+004  0.16030101E-001
  0.11970000E+004  0.15944423E-001
  0.11980000E+004  0.15858737E-001
  0.11990000E+004  0.15773044E-001
  0.12000000E+004  0.15687349E-001
