  -0.18420681E+02   0.14505443E+21
  -0.18409646E+02   0.14666389E+21
  -0.18398612E+02   0.14829120E+21
  -0.18387577E+02   0.14993657E+21
  -0.18376543E+02   0.15160020E+21
  -0.18365508E+02   0.15328228E+21
  -0.18354474E+02   0.15498303E+21
  -0.18343439E+02   0.15670265E+21
  -0.18332405E+02   0.15844135E+21
  -0.18321370E+02   0.16019934E+21
  -0.18310336E+02   0.16197684E+21
  -0.18299301E+02   0.16377405E+21
  -0.18288266E+02   0.16559121E+21
  -0.18277232E+02   0.16742853E+21
  -0.18266197E+02   0.16928624E+21
  -0.18255163E+02   0.17116456E+21
  -0.18244128E+02   0.17306372E+21
  -0.18233094E+02   0.17498395E+21
  -0.18222059E+02   0.17692549E+21
  -0.18211025E+02   0.17888857E+21
  -0.18199990E+02   0.18087343E+21
  -0.18188956E+02   0.18288031E+21
  -0.18177921E+02   0.18490946E+21
  -0.18166887E+02   0.18696113E+21
  -0.18155852E+02   0.18903556E+21
  -0.18144818E+02   0.19113300E+21
  -0.18133783E+02   0.19325372E+21
  -0.18122749E+02   0.19539797E+21
  -0.18111714E+02   0.19756600E+21
  -0.18100680E+02   0.19975810E+21
  -0.18089645E+02   0.20197451E+21
  -0.18078611E+02   0.20421552E+21
  -0.18067576E+02   0.20648140E+21
  -0.18056542E+02   0.20877241E+21
  -0.18045507E+02   0.21108884E+21
  -0.18034472E+02   0.21343098E+21
  -0.18023438E+02   0.21579910E+21
  -0.18012403E+02   0.21819350E+21
  -0.18001369E+02   0.22061446E+21
  -0.17990334E+02   0.22306228E+21
  -0.17979300E+02   0.22553727E+21
  -0.17968265E+02   0.22803971E+21
  -0.17957231E+02   0.23056992E+21
  -0.17946196E+02   0.23312821E+21
  -0.17935162E+02   0.23571488E+21
  -0.17924127E+02   0.23833025E+21
  -0.17913093E+02   0.24097464E+21
  -0.17902058E+02   0.24364836E+21
  -0.17891024E+02   0.24635176E+21
  -0.17879989E+02   0.24908515E+21
  -0.17868955E+02   0.25184886E+21
  -0.17857920E+02   0.25464324E+21
  -0.17846886E+02   0.25746863E+21
  -0.17835851E+02   0.26032536E+21
  -0.17824817E+02   0.26321379E+21
  -0.17813782E+02   0.26613427E+21
  -0.17802748E+02   0.26908715E+21
  -0.17791713E+02   0.27207280E+21
  -0.17780679E+02   0.27509157E+21
  -0.17769644E+02   0.27814384E+21
  -0.17758609E+02   0.28122997E+21
  -0.17747575E+02   0.28435034E+21
  -0.17736540E+02   0.28750533E+21
  -0.17725506E+02   0.29069533E+21
  -0.17714471E+02   0.29392073E+21
  -0.17703437E+02   0.29718191E+21
  -0.17692402E+02   0.30047927E+21
  -0.17681368E+02   0.30381322E+21
  -0.17670333E+02   0.30718416E+21
  -0.17659299E+02   0.31059250E+21
  -0.17648264E+02   0.31403866E+21
  -0.17637230E+02   0.31752305E+21
  -0.17626195E+02   0.32104611E+21
  -0.17615161E+02   0.32460825E+21
  -0.17604126E+02   0.32820992E+21
  -0.17593092E+02   0.33185154E+21
  -0.17582057E+02   0.33553357E+21
  -0.17571023E+02   0.33925646E+21
  -0.17559988E+02   0.34302065E+21
  -0.17548954E+02   0.34682660E+21
  -0.17537919E+02   0.35067479E+21
  -0.17526885E+02   0.35456567E+21
  -0.17515850E+02   0.35849971E+21
  -0.17504815E+02   0.36247741E+21
  -0.17493781E+02   0.36649924E+21
  -0.17482746E+02   0.37056570E+21
  -0.17471712E+02   0.37467727E+21
  -0.17460677E+02   0.37883446E+21
  -0.17449643E+02   0.38303778E+21
  -0.17438608E+02   0.38728773E+21
  -0.17427574E+02   0.39158483E+21
  -0.17416539E+02   0.39592962E+21
  -0.17405505E+02   0.40032260E+21
  -0.17394470E+02   0.40476433E+21
  -0.17383436E+02   0.40925534E+21
  -0.17372401E+02   0.41379618E+21
  -0.17361367E+02   0.41838740E+21
  -0.17350332E+02   0.42302956E+21
  -0.17339298E+02   0.42772323E+21
  -0.17328263E+02   0.43246897E+21
  -0.17317229E+02   0.43726737E+21
  -0.17306194E+02   0.44211900E+21
  -0.17295160E+02   0.44702447E+21
  -0.17284125E+02   0.45198436E+21
  -0.17273091E+02   0.45699928E+21
  -0.17262056E+02   0.46206984E+21
  -0.17251021E+02   0.46719666E+21
  -0.17239987E+02   0.47238036E+21
  -0.17228952E+02   0.47762158E+21
  -0.17217918E+02   0.48292095E+21
  -0.17206883E+02   0.48827911E+21
  -0.17195849E+02   0.49369672E+21
  -0.17184814E+02   0.49917444E+21
  -0.17173780E+02   0.50471294E+21
  -0.17162745E+02   0.51031289E+21
  -0.17151711E+02   0.51597496E+21
  -0.17140676E+02   0.52169986E+21
  -0.17129642E+02   0.52748828E+21
  -0.17118607E+02   0.53334091E+21
  -0.17107573E+02   0.53925849E+21
  -0.17096538E+02   0.54524171E+21
  -0.17085504E+02   0.55129133E+21
  -0.17074469E+02   0.55740806E+21
  -0.17063435E+02   0.56359265E+21
  -0.17052400E+02   0.56984587E+21
  -0.17041366E+02   0.57616846E+21
  -0.17030331E+02   0.58256120E+21
  -0.17019297E+02   0.58902487E+21
  -0.17008262E+02   0.59556025E+21
  -0.16997227E+02   0.60216814E+21
  -0.16986193E+02   0.60884935E+21
  -0.16975158E+02   0.61560468E+21
  -0.16964124E+02   0.62243496E+21
  -0.16953089E+02   0.62934102E+21
  -0.16942055E+02   0.63632370E+21
  -0.16931020E+02   0.64338386E+21
  -0.16919986E+02   0.65052235E+21
  -0.16908951E+02   0.65774003E+21
  -0.16897917E+02   0.66503780E+21
  -0.16886882E+02   0.67241653E+21
  -0.16875848E+02   0.67987713E+21
  -0.16864813E+02   0.68742050E+21
  -0.16853779E+02   0.69504756E+21
  -0.16842744E+02   0.70275925E+21
  -0.16831710E+02   0.71055649E+21
  -0.16820675E+02   0.71844024E+21
  -0.16809641E+02   0.72641146E+21
  -0.16798606E+02   0.73447112E+21
  -0.16787572E+02   0.74262020E+21
  -0.16776537E+02   0.75085969E+21
  -0.16765503E+02   0.75919059E+21
  -0.16754468E+02   0.76761393E+21
  -0.16743433E+02   0.77613071E+21
  -0.16732399E+02   0.78474199E+21
  -0.16721364E+02   0.79344881E+21
  -0.16710330E+02   0.80225222E+21
  -0.16699295E+02   0.81115331E+21
  -0.16688261E+02   0.82015315E+21
  -0.16677226E+02   0.82925284E+21
  -0.16666192E+02   0.83845349E+21
  -0.16655157E+02   0.84775621E+21
  -0.16644123E+02   0.85716214E+21
  -0.16633088E+02   0.86667243E+21
  -0.16622054E+02   0.87628823E+21
  -0.16611019E+02   0.88601072E+21
  -0.16599985E+02   0.89584107E+21
  -0.16588950E+02   0.90578048E+21
  -0.16577916E+02   0.91583017E+21
  -0.16566881E+02   0.92599135E+21
  -0.16555847E+02   0.93626526E+21
  -0.16544812E+02   0.94665316E+21
  -0.16533778E+02   0.95715631E+21
  -0.16522743E+02   0.96777598E+21
  -0.16511709E+02   0.97851347E+21
  -0.16500674E+02   0.98937009E+21
  -0.16489639E+02   0.10003472E+22
  -0.16478605E+02   0.10114460E+22
  -0.16467570E+02   0.10226680E+22
  -0.16456536E+02   0.10340145E+22
  -0.16445501E+02   0.10454868E+22
  -0.16434467E+02   0.10570865E+22
  -0.16423432E+02   0.10688148E+22
  -0.16412398E+02   0.10806733E+22
  -0.16401363E+02   0.10926633E+22
  -0.16390329E+02   0.11047863E+22
  -0.16379294E+02   0.11170438E+22
  -0.16368260E+02   0.11294374E+22
  -0.16357225E+02   0.11419684E+22
  -0.16346191E+02   0.11546384E+22
  -0.16335156E+02   0.11674490E+22
  -0.16324122E+02   0.11804017E+22
  -0.16313087E+02   0.11934981E+22
  -0.16302053E+02   0.12067399E+22
  -0.16291018E+02   0.12201285E+22
  -0.16279984E+02   0.12336656E+22
  -0.16268949E+02   0.12473530E+22
  -0.16257915E+02   0.12611921E+22
  -0.16246880E+02   0.12751849E+22
  -0.16235845E+02   0.12893328E+22
  -0.16224811E+02   0.13036377E+22
  -0.16213776E+02   0.13181013E+22
  -0.16202742E+02   0.13327254E+22
  -0.16191707E+02   0.13475117E+22
  -0.16180673E+02   0.13624621E+22
  -0.16169638E+02   0.13775783E+22
  -0.16158604E+02   0.13928622E+22
  -0.16147569E+02   0.14083156E+22
  -0.16136535E+02   0.14239405E+22
  -0.16125500E+02   0.14397387E+22
  -0.16114466E+02   0.14557122E+22
  -0.16103431E+02   0.14718630E+22
  -0.16092397E+02   0.14881928E+22
  -0.16081362E+02   0.15047039E+22
  -0.16070328E+02   0.15213981E+22
  -0.16059293E+02   0.15382775E+22
  -0.16048259E+02   0.15553441E+22
  -0.16037224E+02   0.15726001E+22
  -0.16026190E+02   0.15900476E+22
  -0.16015155E+02   0.16076886E+22
  -0.16004121E+02   0.16255252E+22
  -0.15993086E+02   0.16435598E+22
  -0.15982052E+02   0.16617944E+22
  -0.15971017E+02   0.16802313E+22
  -0.15959982E+02   0.16988728E+22
  -0.15948948E+02   0.17177210E+22
  -0.15937913E+02   0.17367784E+22
  -0.15926879E+02   0.17560471E+22
  -0.15915844E+02   0.17755296E+22
  -0.15904810E+02   0.17952282E+22
  -0.15893775E+02   0.18151454E+22
  -0.15882741E+02   0.18352835E+22
  -0.15871706E+02   0.18556450E+22
  -0.15860672E+02   0.18762324E+22
  -0.15849637E+02   0.18970481E+22
  -0.15838603E+02   0.19180948E+22
  -0.15827568E+02   0.19393750E+22
  -0.15816534E+02   0.19608912E+22
  -0.15805499E+02   0.19826461E+22
  -0.15794465E+02   0.20046423E+22
  -0.15783430E+02   0.20268825E+22
  -0.15772396E+02   0.20493695E+22
  -0.15761361E+02   0.20721059E+22
  -0.15750327E+02   0.20950945E+22
  -0.15739292E+02   0.21183381E+22
  -0.15728258E+02   0.21418396E+22
  -0.15717223E+02   0.21656018E+22
  -0.15706188E+02   0.21896275E+22
  -0.15695154E+02   0.22139198E+22
  -0.15684119E+02   0.22384815E+22
  -0.15673085E+02   0.22633157E+22
  -0.15662050E+02   0.22884254E+22
  -0.15651016E+02   0.23138136E+22
  -0.15639981E+02   0.23394835E+22
  -0.15628947E+02   0.23654381E+22
  -0.15617912E+02   0.23916806E+22
  -0.15606878E+02   0.24182142E+22
  -0.15595843E+02   0.24450421E+22
  -0.15584809E+02   0.24721676E+22
  -0.15573774E+02   0.24995940E+22
  -0.15562740E+02   0.25273247E+22
  -0.15551705E+02   0.25553629E+22
  -0.15540671E+02   0.25837121E+22
  -0.15529636E+02   0.26123758E+22
  -0.15518602E+02   0.26413575E+22
  -0.15507567E+02   0.26706606E+22
  -0.15496533E+02   0.27002888E+22
  -0.15485498E+02   0.27302456E+22
  -0.15474464E+02   0.27605347E+22
  -0.15463429E+02   0.27911598E+22
  -0.15452394E+02   0.28221245E+22
  -0.15441360E+02   0.28534328E+22
  -0.15430325E+02   0.28850883E+22
  -0.15419291E+02   0.29170949E+22
  -0.15408256E+02   0.29494565E+22
  -0.15397222E+02   0.29821771E+22
  -0.15386187E+02   0.30152607E+22
  -0.15375153E+02   0.30487112E+22
  -0.15364118E+02   0.30825327E+22
  -0.15353084E+02   0.31167293E+22
  -0.15342049E+02   0.31513053E+22
  -0.15331015E+02   0.31862648E+22
  -0.15319980E+02   0.32216120E+22
  -0.15308946E+02   0.32573513E+22
  -0.15297911E+02   0.32934869E+22
  -0.15286877E+02   0.33300234E+22
  -0.15275842E+02   0.33669651E+22
  -0.15264808E+02   0.34043166E+22
  -0.15253773E+02   0.34420823E+22
  -0.15242739E+02   0.34802669E+22
  -0.15231704E+02   0.35188751E+22
  -0.15220670E+02   0.35579114E+22
  -0.15209635E+02   0.35973807E+22
  -0.15198600E+02   0.36372878E+22
  -0.15187566E+02   0.36776374E+22
  -0.15176531E+02   0.37184346E+22
  -0.15165497E+02   0.37596843E+22
  -0.15154462E+02   0.38013914E+22
  -0.15143428E+02   0.38435612E+22
  -0.15132393E+02   0.38861986E+22
  -0.15121359E+02   0.39293089E+22
  -0.15110324E+02   0.39728974E+22
  -0.15099290E+02   0.40169692E+22
  -0.15088255E+02   0.40615299E+22
  -0.15077221E+02   0.41065847E+22
  -0.15066186E+02   0.41521392E+22
  -0.15055152E+02   0.41981990E+22
  -0.15044117E+02   0.42447696E+22
  -0.15033083E+02   0.42918566E+22
  -0.15022048E+02   0.43394659E+22
  -0.15011014E+02   0.43876031E+22
  -0.14999979E+02   0.44362742E+22
  -0.14988945E+02   0.44854851E+22
  -0.14977910E+02   0.45352417E+22
  -0.14966876E+02   0.45855501E+22
  -0.14955841E+02   0.46364165E+22
  -0.14944806E+02   0.46878469E+22
  -0.14933772E+02   0.47398477E+22
  -0.14922737E+02   0.47924251E+22
  -0.14911703E+02   0.48455856E+22
  -0.14900668E+02   0.48993357E+22
  -0.14889634E+02   0.49536818E+22
  -0.14878599E+02   0.50086306E+22
  -0.14867565E+02   0.50641887E+22
  -0.14856530E+02   0.51203629E+22
  -0.14845496E+02   0.51771601E+22
  -0.14834461E+02   0.52345871E+22
  -0.14823427E+02   0.52926509E+22
  -0.14812392E+02   0.53513585E+22
  -0.14801358E+02   0.54107172E+22
  -0.14790323E+02   0.54707341E+22
  -0.14779289E+02   0.55314165E+22
  -0.14768254E+02   0.55927718E+22
  -0.14757220E+02   0.56548074E+22
  -0.14746185E+02   0.57175310E+22
  -0.14735151E+02   0.57809500E+22
  -0.14724116E+02   0.58450723E+22
  -0.14713082E+02   0.59099055E+22
  -0.14702047E+02   0.59754577E+22
  -0.14691012E+02   0.60417367E+22
  -0.14679978E+02   0.61087506E+22
  -0.14668943E+02   0.61765075E+22
  -0.14657909E+02   0.62450158E+22
  -0.14646874E+02   0.63142836E+22
  -0.14635840E+02   0.63843195E+22
  -0.14624805E+02   0.64551319E+22
  -0.14613771E+02   0.65267295E+22
  -0.14602736E+02   0.65991208E+22
  -0.14591702E+02   0.66723148E+22
  -0.14580667E+02   0.67463204E+22
  -0.14569633E+02   0.68211464E+22
  -0.14558598E+02   0.68968021E+22
  -0.14547564E+02   0.69732965E+22
  -0.14536529E+02   0.70506390E+22
  -0.14525495E+02   0.71288391E+22
  -0.14514460E+02   0.72079061E+22
  -0.14503426E+02   0.72878496E+22
  -0.14492391E+02   0.73686795E+22
  -0.14481357E+02   0.74504055E+22
  -0.14470322E+02   0.75330375E+22
  -0.14459288E+02   0.76165856E+22
  -0.14448253E+02   0.77010600E+22
  -0.14437219E+02   0.77864708E+22
  -0.14426184E+02   0.78728285E+22
  -0.14415149E+02   0.79601435E+22
  -0.14404115E+02   0.80484264E+22
  -0.14393080E+02   0.81376881E+22
  -0.14382046E+02   0.82279392E+22
  -0.14371011E+02   0.83191908E+22
  -0.14359977E+02   0.84114539E+22
  -0.14348942E+02   0.85047398E+22
  -0.14337908E+02   0.85990598E+22
  -0.14326873E+02   0.86944253E+22
  -0.14315839E+02   0.87908479E+22
  -0.14304804E+02   0.88883393E+22
  -0.14293770E+02   0.89869113E+22
  -0.14282735E+02   0.90865760E+22
  -0.14271701E+02   0.91873454E+22
  -0.14260666E+02   0.92892317E+22
  -0.14249632E+02   0.93922473E+22
  -0.14238597E+02   0.94964047E+22
  -0.14227563E+02   0.96017166E+22
  -0.14216528E+02   0.97081958E+22
  -0.14205494E+02   0.98158551E+22
  -0.14194459E+02   0.99247076E+22
  -0.14183425E+02   0.10034767E+23
  -0.14172390E+02   0.10146045E+23
  -0.14161355E+02   0.10258557E+23
  -0.14150321E+02   0.10372316E+23
  -0.14139286E+02   0.10487336E+23
  -0.14128252E+02   0.10603631E+23
  -0.14117217E+02   0.10721214E+23
  -0.14106183E+02   0.10840100E+23
  -0.14095148E+02   0.10960304E+23
  -0.14084114E+02   0.11081840E+23
  -0.14073079E+02   0.11204723E+23
  -0.14062045E+02   0.11328967E+23
  -0.14051010E+02   0.11454589E+23
  -0.14039976E+02   0.11581602E+23
  -0.14028941E+02   0.11710023E+23
  -0.14017907E+02   0.11839867E+23
  -0.14006872E+02   0.11971150E+23
  -0.13995838E+02   0.12103887E+23
  -0.13984803E+02   0.12238095E+23
  -0.13973769E+02   0.12373791E+23
  -0.13962734E+02   0.12510989E+23
  -0.13951700E+02   0.12649708E+23
  -0.13940665E+02   0.12789964E+23
  -0.13929631E+02   0.12931774E+23
  -0.13918596E+02   0.13075155E+23
  -0.13907561E+02   0.13220125E+23
  -0.13896527E+02   0.13366701E+23
  -0.13885492E+02   0.13514900E+23
  -0.13874458E+02   0.13664742E+23
  -0.13863423E+02   0.13816244E+23
  -0.13852389E+02   0.13969424E+23
  -0.13841354E+02   0.14124301E+23
  -0.13830320E+02   0.14280893E+23
  -0.13819285E+02   0.14439221E+23
  -0.13808251E+02   0.14599302E+23
  -0.13797216E+02   0.14761156E+23
  -0.13786182E+02   0.14924804E+23
  -0.13775147E+02   0.15090264E+23
  -0.13764113E+02   0.15257557E+23
  -0.13753078E+02   0.15426703E+23
  -0.13742044E+02   0.15597723E+23
  -0.13731009E+02   0.15770636E+23
  -0.13719975E+02   0.15945465E+23
  -0.13708940E+02   0.16122231E+23
  -0.13697906E+02   0.16300954E+23
  -0.13686871E+02   0.16481656E+23
  -0.13675837E+02   0.16664360E+23
  -0.13664802E+02   0.16849087E+23
  -0.13653767E+02   0.17035860E+23
  -0.13642733E+02   0.17224701E+23
  -0.13631698E+02   0.17415634E+23
  -0.13620664E+02   0.17608681E+23
  -0.13609629E+02   0.17803866E+23
  -0.13598595E+02   0.18001212E+23
  -0.13587560E+02   0.18200743E+23
  -0.13576526E+02   0.18402484E+23
  -0.13565491E+02   0.18606458E+23
  -0.13554457E+02   0.18812691E+23
  -0.13543422E+02   0.19021208E+23
  -0.13532388E+02   0.19232033E+23
  -0.13521353E+02   0.19445192E+23
  -0.13510319E+02   0.19660711E+23
  -0.13499284E+02   0.19878617E+23
  -0.13488250E+02   0.20098934E+23
  -0.13477215E+02   0.20321691E+23
  -0.13466181E+02   0.20546914E+23
  -0.13455146E+02   0.20774630E+23
  -0.13444112E+02   0.21004867E+23
  -0.13433077E+02   0.21237652E+23
  -0.13422043E+02   0.21473014E+23
  -0.13411008E+02   0.21710981E+23
  -0.13399973E+02   0.21951582E+23
  -0.13388939E+02   0.22194847E+23
  -0.13377904E+02   0.22440803E+23
  -0.13366870E+02   0.22689482E+23
  -0.13355835E+02   0.22940913E+23
  -0.13344801E+02   0.23195127E+23
  -0.13333766E+02   0.23452154E+23
  -0.13322732E+02   0.23712025E+23
  -0.13311697E+02   0.23974772E+23
  -0.13300663E+02   0.24240427E+23
  -0.13289628E+02   0.24509021E+23
  -0.13278594E+02   0.24780587E+23
  -0.13267559E+02   0.25055158E+23
  -0.13256525E+02   0.25332767E+23
  -0.13245490E+02   0.25613447E+23
  -0.13234456E+02   0.25897233E+23
  -0.13223421E+02   0.26184158E+23
  -0.13212387E+02   0.26474258E+23
  -0.13201352E+02   0.26767567E+23
  -0.13190318E+02   0.27064121E+23
  -0.13179283E+02   0.27363955E+23
  -0.13168249E+02   0.27667105E+23
  -0.13157214E+02   0.27973609E+23
  -0.13146179E+02   0.28283503E+23
  -0.13135145E+02   0.28596825E+23
  -0.13124110E+02   0.28913612E+23
  -0.13113076E+02   0.29233903E+23
  -0.13102041E+02   0.29557735E+23
  -0.13091007E+02   0.29885149E+23
  -0.13079972E+02   0.30216184E+23
  -0.13068938E+02   0.30550879E+23
  -0.13057903E+02   0.30889275E+23
  -0.13046869E+02   0.31231413E+23
  -0.13035834E+02   0.31577334E+23
  -0.13024800E+02   0.31927079E+23
  -0.13013765E+02   0.32280691E+23
  -0.13002731E+02   0.32638213E+23
  -0.12991696E+02   0.32999686E+23
  -0.12980662E+02   0.33365156E+23
  -0.12969627E+02   0.33734666E+23
  -0.12958593E+02   0.34108260E+23
  -0.12947558E+02   0.34485984E+23
  -0.12936524E+02   0.34867882E+23
  -0.12925489E+02   0.35254002E+23
  -0.12914455E+02   0.35644388E+23
  -0.12903420E+02   0.36039089E+23
  -0.12892386E+02   0.36438152E+23
  -0.12881351E+02   0.36841624E+23
  -0.12870316E+02   0.37249555E+23
  -0.12859282E+02   0.37661993E+23
  -0.12848247E+02   0.38078988E+23
  -0.12837213E+02   0.38500590E+23
  -0.12826178E+02   0.38926850E+23
  -0.12815144E+02   0.39357819E+23
  -0.12804109E+02   0.39793549E+23
  -0.12793075E+02   0.40234091E+23
  -0.12782040E+02   0.40679500E+23
  -0.12771006E+02   0.41129829E+23
  -0.12759971E+02   0.41585131E+23
  -0.12748937E+02   0.42045461E+23
  -0.12737902E+02   0.42510875E+23
  -0.12726868E+02   0.42981429E+23
  -0.12715833E+02   0.43457179E+23
  -0.12704799E+02   0.43938181E+23
  -0.12693764E+02   0.44424495E+23
  -0.12682730E+02   0.44916177E+23
  -0.12671695E+02   0.45413288E+23
  -0.12660661E+02   0.45915886E+23
  -0.12649626E+02   0.46424032E+23
  -0.12638592E+02   0.46937788E+23
  -0.12627557E+02   0.47457213E+23
  -0.12616522E+02   0.47982372E+23
  -0.12605488E+02   0.48513326E+23
  -0.12594453E+02   0.49050139E+23
  -0.12583419E+02   0.49592877E+23
  -0.12572384E+02   0.50141602E+23
  -0.12561350E+02   0.50696382E+23
  -0.12550315E+02   0.51257283E+23
  -0.12539281E+02   0.51824372E+23
  -0.12528246E+02   0.52397716E+23
  -0.12517212E+02   0.52977385E+23
  -0.12506177E+02   0.53563448E+23
  -0.12495143E+02   0.54155974E+23
  -0.12484108E+02   0.54755035E+23
  -0.12473074E+02   0.55360702E+23
  -0.12462039E+02   0.55973048E+23
  -0.12451005E+02   0.56592146E+23
  -0.12439970E+02   0.57218070E+23
  -0.12428936E+02   0.57850894E+23
  -0.12417901E+02   0.58490695E+23
  -0.12406867E+02   0.59137548E+23
  -0.12395832E+02   0.59791531E+23
  -0.12384798E+02   0.60452722E+23
  -0.12373763E+02   0.61121200E+23
  -0.12362728E+02   0.61797045E+23
  -0.12351694E+02   0.62480336E+23
  -0.12340659E+02   0.63171156E+23
  -0.12329625E+02   0.63869588E+23
  -0.12318590E+02   0.64575714E+23
  -0.12307556E+02   0.65289618E+23
  -0.12296521E+02   0.66011386E+23
  -0.12285487E+02   0.66741103E+23
  -0.12274452E+02   0.67478856E+23
  -0.12263418E+02   0.68224734E+23
  -0.12252383E+02   0.68978825E+23
  -0.12241349E+02   0.69741219E+23
  -0.12230314E+02   0.70512006E+23
  -0.12219280E+02   0.71291279E+23
  -0.12208245E+02   0.72079129E+23
  -0.12197211E+02   0.72875651E+23
  -0.12186176E+02   0.73680939E+23
  -0.12175142E+02   0.74495089E+23
  -0.12164107E+02   0.75318197E+23
  -0.12153073E+02   0.76150362E+23
  -0.12142038E+02   0.76991682E+23
  -0.12131004E+02   0.77842256E+23
  -0.12119969E+02   0.78702187E+23
  -0.12108934E+02   0.79571576E+23
  -0.12097900E+02   0.80450525E+23
  -0.12086865E+02   0.81339140E+23
  -0.12075831E+02   0.82237526E+23
  -0.12064796E+02   0.83145788E+23
  -0.12053762E+02   0.84064035E+23
  -0.12042727E+02   0.84992375E+23
  -0.12031693E+02   0.85930918E+23
  -0.12020658E+02   0.86879776E+23
  -0.12009624E+02   0.87839060E+23
  -0.11998589E+02   0.88808885E+23
  -0.11987555E+02   0.89789364E+23
  -0.11976520E+02   0.90780613E+23
  -0.11965486E+02   0.91782750E+23
  -0.11954451E+02   0.92795893E+23
  -0.11943417E+02   0.93820162E+23
  -0.11932382E+02   0.94855677E+23
  -0.11921348E+02   0.95902561E+23
  -0.11910313E+02   0.96960938E+23
  -0.11899279E+02   0.98030931E+23
  -0.11888244E+02   0.99112668E+23
  -0.11877210E+02   0.10020627E+24
  -0.11866175E+02   0.10131188E+24
  -0.11855140E+02   0.10242962E+24
  -0.11844106E+02   0.10355961E+24
  -0.11833071E+02   0.10470201E+24
  -0.11822037E+02   0.10585693E+24
  -0.11811002E+02   0.10702451E+24
  -0.11799968E+02   0.10820490E+24
  -0.11788933E+02   0.10939822E+24
  -0.11777899E+02   0.11060463E+24
  -0.11766864E+02   0.11182426E+24
  -0.11755830E+02   0.11305725E+24
  -0.11744795E+02   0.11430375E+24
  -0.11733761E+02   0.11556391E+24
  -0.11722726E+02   0.11683788E+24
  -0.11711692E+02   0.11812579E+24
  -0.11700657E+02   0.11942781E+24
  -0.11689623E+02   0.12074409E+24
  -0.11678588E+02   0.12207477E+24
  -0.11667554E+02   0.12342002E+24
  -0.11656519E+02   0.12478000E+24
  -0.11645485E+02   0.12615485E+24
  -0.11634450E+02   0.12754475E+24
  -0.11623416E+02   0.12894985E+24
  -0.11612381E+02   0.13037032E+24
  -0.11601346E+02   0.13180633E+24
  -0.11590312E+02   0.13325804E+24
  -0.11579277E+02   0.13472561E+24
  -0.11568243E+02   0.13620923E+24
  -0.11557208E+02   0.13770907E+24
  -0.11546174E+02   0.13922529E+24
  -0.11535139E+02   0.14075808E+24
  -0.11524105E+02   0.14230762E+24
  -0.11513070E+02   0.14387407E+24
  -0.11502036E+02   0.14545763E+24
  -0.11491001E+02   0.14705849E+24
  -0.11479967E+02   0.14867681E+24
  -0.11468932E+02   0.15031280E+24
  -0.11457898E+02   0.15196664E+24
  -0.11446863E+02   0.15363853E+24
  -0.11435829E+02   0.15532865E+24
  -0.11424794E+02   0.15703721E+24
  -0.11413760E+02   0.15876440E+24
  -0.11402725E+02   0.16051041E+24
  -0.11391691E+02   0.16227546E+24
  -0.11380656E+02   0.16405974E+24
  -0.11369622E+02   0.16586347E+24
  -0.11358587E+02   0.16768684E+24
  -0.11347552E+02   0.16953008E+24
  -0.11336518E+02   0.17139339E+24
  -0.11325483E+02   0.17327698E+24
  -0.11314449E+02   0.17518107E+24
  -0.11303414E+02   0.17710589E+24
  -0.11292380E+02   0.17905165E+24
  -0.11281345E+02   0.18101858E+24
  -0.11270311E+02   0.18300690E+24
  -0.11259276E+02   0.18501683E+24
  -0.11248242E+02   0.18704862E+24
  -0.11237207E+02   0.18910250E+24
  -0.11226173E+02   0.19117869E+24
  -0.11215138E+02   0.19327743E+24
  -0.11204104E+02   0.19539898E+24
  -0.11193069E+02   0.19754355E+24
  -0.11182035E+02   0.19971142E+24
  -0.11171000E+02   0.20190281E+24
  -0.11159966E+02   0.20411798E+24
  -0.11148931E+02   0.20635718E+24
  -0.11137897E+02   0.20862068E+24
  -0.11126862E+02   0.21090871E+24
  -0.11115828E+02   0.21322155E+24
  -0.11104793E+02   0.21555946E+24
  -0.11093759E+02   0.21792269E+24
  -0.11082724E+02   0.22031153E+24
  -0.11071689E+02   0.22272624E+24
  -0.11060655E+02   0.22516710E+24
  -0.11049620E+02   0.22763437E+24
  -0.11038586E+02   0.23012834E+24
  -0.11027551E+02   0.23264930E+24
  -0.11016517E+02   0.23519752E+24
  -0.11005482E+02   0.23777329E+24
  -0.10994448E+02   0.24037691E+24
  -0.10983413E+02   0.24300866E+24
  -0.10972379E+02   0.24566885E+24
  -0.10961344E+02   0.24835777E+24
  -0.10950310E+02   0.25107572E+24
  -0.10939275E+02   0.25382301E+24
  -0.10928241E+02   0.25659994E+24
  -0.10917206E+02   0.25940684E+24
  -0.10906172E+02   0.26224400E+24
  -0.10895137E+02   0.26511176E+24
  -0.10884103E+02   0.26801042E+24
  -0.10873068E+02   0.27094032E+24
  -0.10862034E+02   0.27390177E+24
  -0.10850999E+02   0.27689512E+24
  -0.10839965E+02   0.27992069E+24
  -0.10828930E+02   0.28297881E+24
  -0.10817895E+02   0.28606984E+24
  -0.10806861E+02   0.28919411E+24
  -0.10795826E+02   0.29235196E+24
  -0.10784792E+02   0.29554376E+24
  -0.10773757E+02   0.29876984E+24
  -0.10762723E+02   0.30203058E+24
  -0.10751688E+02   0.30532632E+24
  -0.10740654E+02   0.30865743E+24
  -0.10729619E+02   0.31202428E+24
  -0.10718585E+02   0.31542724E+24
  -0.10707550E+02   0.31886669E+24
  -0.10696516E+02   0.32234299E+24
  -0.10685481E+02   0.32585654E+24
  -0.10674447E+02   0.32940771E+24
  -0.10663412E+02   0.33299690E+24
  -0.10652378E+02   0.33662451E+24
  -0.10641343E+02   0.34029091E+24
  -0.10630309E+02   0.34399652E+24
  -0.10619274E+02   0.34774174E+24
  -0.10608240E+02   0.35152698E+24
  -0.10597205E+02   0.35535265E+24
  -0.10586171E+02   0.35921916E+24
  -0.10575136E+02   0.36312694E+24
  -0.10564101E+02   0.36707640E+24
  -0.10553067E+02   0.37106798E+24
  -0.10542032E+02   0.37510210E+24
  -0.10530998E+02   0.37917920E+24
  -0.10519963E+02   0.38329973E+24
  -0.10508929E+02   0.38746412E+24
  -0.10497894E+02   0.39167282E+24
  -0.10486860E+02   0.39592629E+24
  -0.10475825E+02   0.40022498E+24
  -0.10464791E+02   0.40456935E+24
  -0.10453756E+02   0.40895986E+24
  -0.10442722E+02   0.41339699E+24
  -0.10431687E+02   0.41788121E+24
  -0.10420653E+02   0.42241300E+24
  -0.10409618E+02   0.42699283E+24
  -0.10398584E+02   0.43162120E+24
  -0.10387549E+02   0.43629860E+24
  -0.10376515E+02   0.44102552E+24
  -0.10365480E+02   0.44580246E+24
  -0.10354446E+02   0.45062993E+24
  -0.10343411E+02   0.45550843E+24
  -0.10332377E+02   0.46043849E+24
  -0.10321342E+02   0.46542061E+24
  -0.10310307E+02   0.47045532E+24
  -0.10299273E+02   0.47554316E+24
  -0.10288238E+02   0.48068464E+24
  -0.10277204E+02   0.48588032E+24
  -0.10266169E+02   0.49113073E+24
  -0.10255135E+02   0.49643642E+24
  -0.10244100E+02   0.50179794E+24
  -0.10233066E+02   0.50721585E+24
  -0.10222031E+02   0.51269071E+24
  -0.10210997E+02   0.51822309E+24
  -0.10199962E+02   0.52381355E+24
  -0.10188928E+02   0.52946269E+24
  -0.10177893E+02   0.53517107E+24
  -0.10166859E+02   0.54093929E+24
  -0.10155824E+02   0.54676793E+24
  -0.10144790E+02   0.55265760E+24
  -0.10133755E+02   0.55860890E+24
  -0.10122721E+02   0.56462243E+24
  -0.10111686E+02   0.57069882E+24
  -0.10100652E+02   0.57683867E+24
  -0.10089617E+02   0.58304261E+24
  -0.10078583E+02   0.58931128E+24
  -0.10067548E+02   0.59564530E+24
  -0.10056513E+02   0.60204531E+24
  -0.10045479E+02   0.60851197E+24
  -0.10034444E+02   0.61504592E+24
  -0.10023410E+02   0.62164781E+24
  -0.10012375E+02   0.62831832E+24
  -0.10001341E+02   0.63505810E+24
  -0.99903064E+01   0.64186784E+24
  -0.99792718E+01   0.64874820E+24
  -0.99682373E+01   0.65569988E+24
  -0.99572028E+01   0.66272357E+24
  -0.99461683E+01   0.66981996E+24
  -0.99351338E+01   0.67698975E+24
  -0.99240992E+01   0.68423365E+24
  -0.99130647E+01   0.69155237E+24
  -0.99020302E+01   0.69894664E+24
  -0.98909957E+01   0.70641717E+24
  -0.98799611E+01   0.71396471E+24
  -0.98689266E+01   0.72158998E+24
  -0.98578921E+01   0.72929373E+24
  -0.98468576E+01   0.73707671E+24
  -0.98358231E+01   0.74493967E+24
  -0.98247885E+01   0.75288338E+24
  -0.98137540E+01   0.76090860E+24
  -0.98027195E+01   0.76901611E+24
  -0.97916850E+01   0.77720668E+24
  -0.97806505E+01   0.78548110E+24
  -0.97696159E+01   0.79384016E+24
  -0.97585814E+01   0.80228467E+24
  -0.97475469E+01   0.81081542E+24
  -0.97365124E+01   0.81943322E+24
  -0.97254778E+01   0.82813890E+24
  -0.97144433E+01   0.83693328E+24
  -0.97034088E+01   0.84581718E+24
  -0.96923743E+01   0.85479144E+24
  -0.96813398E+01   0.86385691E+24
  -0.96703052E+01   0.87301442E+24
  -0.96592707E+01   0.88226485E+24
  -0.96482362E+01   0.89160905E+24
  -0.96372017E+01   0.90104789E+24
  -0.96261672E+01   0.91058224E+24
  -0.96151326E+01   0.92021299E+24
  -0.96040981E+01   0.92994102E+24
  -0.95930636E+01   0.93976723E+24
  -0.95820291E+01   0.94969252E+24
  -0.95709945E+01   0.95971780E+24
  -0.95599600E+01   0.96984398E+24
  -0.95489255E+01   0.98007198E+24
  -0.95378910E+01   0.99040274E+24
  -0.95268565E+01   0.10008372E+25
  -0.95158219E+01   0.10113763E+25
  -0.95047874E+01   0.10220209E+25
  -0.94937529E+01   0.10327721E+25
  -0.94827184E+01   0.10436308E+25
  -0.94716839E+01   0.10545979E+25
  -0.94606493E+01   0.10656745E+25
  -0.94496148E+01   0.10768615E+25
  -0.94385803E+01   0.10881599E+25
  -0.94275458E+01   0.10995707E+25
  -0.94165112E+01   0.11110949E+25
  -0.94054767E+01   0.11227336E+25
  -0.93944422E+01   0.11344877E+25
  -0.93834077E+01   0.11463582E+25
  -0.93723732E+01   0.11583463E+25
  -0.93613386E+01   0.11704528E+25
  -0.93503041E+01   0.11826790E+25
  -0.93392696E+01   0.11950258E+25
  -0.93282351E+01   0.12074942E+25
  -0.93172006E+01   0.12200855E+25
  -0.93061660E+01   0.12328005E+25
  -0.92951315E+01   0.12456405E+25
  -0.92840970E+01   0.12586064E+25
  -0.92730625E+01   0.12716995E+25
  -0.92620279E+01   0.12849207E+25
  -0.92509934E+01   0.12982713E+25
  -0.92399589E+01   0.13117523E+25
  -0.92289244E+01   0.13253648E+25
  -0.92178899E+01   0.13391099E+25
  -0.92068553E+01   0.13529889E+25
  -0.91958208E+01   0.13670029E+25
  -0.91847863E+01   0.13811529E+25
  -0.91737518E+01   0.13954402E+25
  -0.91627173E+01   0.14098660E+25
  -0.91516827E+01   0.14244314E+25
  -0.91406482E+01   0.14391375E+25
  -0.91296137E+01   0.14539856E+25
  -0.91185792E+01   0.14689769E+25
  -0.91075446E+01   0.14841126E+25
  -0.90965101E+01   0.14993938E+25
  -0.90854756E+01   0.15148218E+25
  -0.90744411E+01   0.15303979E+25
  -0.90634066E+01   0.15461232E+25
  -0.90523720E+01   0.15619990E+25
  -0.90413375E+01   0.15780266E+25
  -0.90303030E+01   0.15942071E+25
  -0.90192685E+01   0.16105419E+25
  -0.90082340E+01   0.16270322E+25
  -0.89971994E+01   0.16436793E+25
  -0.89861649E+01   0.16604845E+25
  -0.89751304E+01   0.16774491E+25
  -0.89640959E+01   0.16945743E+25
  -0.89530613E+01   0.17118614E+25
  -0.89420268E+01   0.17293119E+25
  -0.89309923E+01   0.17469269E+25
  -0.89199578E+01   0.17647079E+25
  -0.89089233E+01   0.17826561E+25
  -0.88978887E+01   0.18007729E+25
  -0.88868542E+01   0.18190597E+25
  -0.88758197E+01   0.18375177E+25
  -0.88647852E+01   0.18561484E+25
  -0.88537507E+01   0.18749531E+25
  -0.88427161E+01   0.18939332E+25
  -0.88316816E+01   0.19130901E+25
  -0.88206471E+01   0.19324252E+25
  -0.88096126E+01   0.19519398E+25
  -0.87985780E+01   0.19716354E+25
  -0.87875435E+01   0.19915134E+25
  -0.87765090E+01   0.20115752E+25
  -0.87654745E+01   0.20318222E+25
  -0.87544400E+01   0.20522559E+25
  -0.87434054E+01   0.20728777E+25
  -0.87323709E+01   0.20936890E+25
  -0.87213364E+01   0.21146913E+25
  -0.87103019E+01   0.21358861E+25
  -0.86992674E+01   0.21572749E+25
  -0.86882328E+01   0.21788590E+25
  -0.86771983E+01   0.22006400E+25
  -0.86661638E+01   0.22226195E+25
  -0.86551293E+01   0.22447987E+25
  -0.86440947E+01   0.22671794E+25
  -0.86330602E+01   0.22897630E+25
  -0.86220257E+01   0.23125509E+25
  -0.86109912E+01   0.23355448E+25
  -0.85999567E+01   0.23587462E+25
  -0.85889221E+01   0.23821566E+25
  -0.85778876E+01   0.24057775E+25
  -0.85668531E+01   0.24296105E+25
  -0.85558186E+01   0.24536571E+25
  -0.85447841E+01   0.24779190E+25
  -0.85337495E+01   0.25023977E+25
  -0.85227150E+01   0.25270948E+25
  -0.85116805E+01   0.25520118E+25
  -0.85006460E+01   0.25771504E+25
  -0.84896114E+01   0.26025122E+25
  -0.84785769E+01   0.26280987E+25
  -0.84675424E+01   0.26539116E+25
  -0.84565079E+01   0.26799525E+25
  -0.84454734E+01   0.27062230E+25
  -0.84344388E+01   0.27327248E+25
  -0.84234043E+01   0.27594595E+25
  -0.84123698E+01   0.27864288E+25
  -0.84013353E+01   0.28136342E+25
  -0.83903008E+01   0.28410776E+25
  -0.83792662E+01   0.28687604E+25
  -0.83682317E+01   0.28966845E+25
  -0.83571972E+01   0.29248515E+25
  -0.83461627E+01   0.29532631E+25
  -0.83351281E+01   0.29819209E+25
  -0.83240936E+01   0.30108267E+25
  -0.83130591E+01   0.30399822E+25
  -0.83020246E+01   0.30693892E+25
  -0.82909901E+01   0.30990492E+25
  -0.82799555E+01   0.31289641E+25
  -0.82689210E+01   0.31591356E+25
  -0.82578865E+01   0.31895654E+25
  -0.82468520E+01   0.32202553E+25
  -0.82358175E+01   0.32512070E+25
  -0.82247829E+01   0.32824223E+25
  -0.82137484E+01   0.33139030E+25
  -0.82027139E+01   0.33456509E+25
  -0.81916794E+01   0.33776676E+25
  -0.81806448E+01   0.34099551E+25
  -0.81696103E+01   0.34425150E+25
  -0.81585758E+01   0.34753493E+25
  -0.81475413E+01   0.35084597E+25
  -0.81365068E+01   0.35418480E+25
  -0.81254722E+01   0.35755160E+25
  -0.81144377E+01   0.36094657E+25
  -0.81034032E+01   0.36436987E+25
  -0.80923687E+01   0.36782170E+25
  -0.80813342E+01   0.37130224E+25
  -0.80702996E+01   0.37481167E+25
  -0.80592651E+01   0.37835018E+25
  -0.80482306E+01   0.38191796E+25
  -0.80371961E+01   0.38551520E+25
  -0.80261615E+01   0.38914208E+25
  -0.80151270E+01   0.39279879E+25
  -0.80040925E+01   0.39648552E+25
  -0.79930580E+01   0.40020247E+25
  -0.79820235E+01   0.40394981E+25
  -0.79709889E+01   0.40772775E+25
  -0.79599544E+01   0.41153647E+25
  -0.79489199E+01   0.41537617E+25
  -0.79378854E+01   0.41924705E+25
  -0.79268509E+01   0.42314928E+25
  -0.79158163E+01   0.42708308E+25
  -0.79047818E+01   0.43104863E+25
  -0.78937473E+01   0.43504613E+25
  -0.78827128E+01   0.43907578E+25
  -0.78716782E+01   0.44313777E+25
  -0.78606437E+01   0.44723231E+25
  -0.78496092E+01   0.45135958E+25
  -0.78385747E+01   0.45551980E+25
  -0.78275402E+01   0.45971316E+25
  -0.78165056E+01   0.46393986E+25
  -0.78054711E+01   0.46820010E+25
  -0.77944366E+01   0.47249409E+25
  -0.77834021E+01   0.47682202E+25
  -0.77723675E+01   0.48118411E+25
  -0.77613330E+01   0.48558055E+25
  -0.77502985E+01   0.49001155E+25
  -0.77392640E+01   0.49447731E+25
  -0.77282295E+01   0.49897805E+25
  -0.77171949E+01   0.50351397E+25
  -0.77061604E+01   0.50808527E+25
  -0.76951259E+01   0.51269217E+25
  -0.76840914E+01   0.51733487E+25
  -0.76730569E+01   0.52201359E+25
  -0.76620223E+01   0.52672852E+25
  -0.76509878E+01   0.53147990E+25
  -0.76399533E+01   0.53626792E+25
  -0.76289188E+01   0.54109280E+25
  -0.76178842E+01   0.54595476E+25
  -0.76068497E+01   0.55085400E+25
  -0.75958152E+01   0.55579074E+25
  -0.75847807E+01   0.56076521E+25
  -0.75737462E+01   0.56577761E+25
  -0.75627116E+01   0.57082816E+25
  -0.75516771E+01   0.57591707E+25
  -0.75406426E+01   0.58104458E+25
  -0.75296081E+01   0.58621090E+25
  -0.75185736E+01   0.59141624E+25
  -0.75075390E+01   0.59666083E+25
  -0.74965045E+01   0.60194490E+25
  -0.74854700E+01   0.60726865E+25
  -0.74744355E+01   0.61263233E+25
  -0.74634009E+01   0.61803614E+25
  -0.74523664E+01   0.62348032E+25
  -0.74413319E+01   0.62896510E+25
  -0.74302974E+01   0.63449069E+25
  -0.74192629E+01   0.64005733E+25
  -0.74082283E+01   0.64566524E+25
  -0.73971938E+01   0.65131465E+25
  -0.73923176E+01   0.65382445E+25
  -0.73874414E+01   0.65634242E+25
  -0.73825651E+01   0.65886857E+25
  -0.73776889E+01   0.66140294E+25
  -0.73728127E+01   0.66394554E+25
  -0.73679364E+01   0.66649638E+25
  -0.73630602E+01   0.66905550E+25
  -0.73581840E+01   0.67162290E+25
  -0.73533077E+01   0.67419862E+25
  -0.73484315E+01   0.67678266E+25
  -0.73435553E+01   0.67937506E+25
  -0.73386790E+01   0.68197582E+25
  -0.73338028E+01   0.68458498E+25
  -0.73289266E+01   0.68720255E+25
  -0.73240503E+01   0.68982855E+25
  -0.73191741E+01   0.69246300E+25
  -0.73142979E+01   0.69510592E+25
  -0.73094216E+01   0.69775733E+25
  -0.73045454E+01   0.70041726E+25
  -0.72996692E+01   0.70308572E+25
  -0.72947929E+01   0.70576273E+25
  -0.72899167E+01   0.70844832E+25
  -0.72850405E+01   0.71114251E+25
  -0.72801643E+01   0.71384531E+25
  -0.72752880E+01   0.71655674E+25
  -0.72704118E+01   0.71927684E+25
  -0.72655356E+01   0.72200561E+25
  -0.72606593E+01   0.72474308E+25
  -0.72557831E+01   0.72748927E+25
  -0.72509069E+01   0.73024420E+25
  -0.72460306E+01   0.73300789E+25
  -0.72411544E+01   0.73578036E+25
  -0.72362782E+01   0.73856164E+25
  -0.72314019E+01   0.74135174E+25
  -0.72265257E+01   0.74415068E+25
  -0.72216495E+01   0.74695849E+25
  -0.72167732E+01   0.74977519E+25
  -0.72118970E+01   0.75260080E+25
  -0.72070208E+01   0.75543533E+25
  -0.72021445E+01   0.75827882E+25
  -0.71972683E+01   0.76113128E+25
  -0.71923921E+01   0.76399273E+25
  -0.71875158E+01   0.76686320E+25
  -0.71826396E+01   0.76974270E+25
  -0.71777634E+01   0.77263126E+25
  -0.71728871E+01   0.77552890E+25
  -0.71680109E+01   0.77843564E+25
  -0.71631347E+01   0.78135150E+25
  -0.71582585E+01   0.78427650E+25
  -0.71533822E+01   0.78721067E+25
  -0.71485060E+01   0.79015402E+25
  -0.71436298E+01   0.79310659E+25
  -0.71387535E+01   0.79606838E+25
  -0.71338773E+01   0.79903942E+25
  -0.71290011E+01   0.80201974E+25
  -0.71241248E+01   0.80500935E+25
  -0.71192486E+01   0.80800828E+25
  -0.71143724E+01   0.81101655E+25
  -0.71094961E+01   0.81403418E+25
  -0.71046199E+01   0.81706119E+25
  -0.70997437E+01   0.82009761E+25
  -0.70948674E+01   0.82314346E+25
  -0.70899912E+01   0.82619875E+25
  -0.70851150E+01   0.82926351E+25
  -0.70802387E+01   0.83233777E+25
  -0.70753625E+01   0.83542154E+25
  -0.70704863E+01   0.83851485E+25
  -0.70656100E+01   0.84161772E+25
  -0.70607338E+01   0.84473018E+25
  -0.70558576E+01   0.84785223E+25
  -0.70509813E+01   0.85098392E+25
  -0.70461051E+01   0.85412525E+25
  -0.70412289E+01   0.85727626E+25
  -0.70363527E+01   0.86043696E+25
  -0.70314764E+01   0.86360738E+25
  -0.70266002E+01   0.86678754E+25
  -0.70217240E+01   0.86997746E+25
  -0.70168477E+01   0.87317716E+25
  -0.70119715E+01   0.87638668E+25
  -0.70070953E+01   0.87960602E+25
  -0.70022190E+01   0.88283522E+25
  -0.69973428E+01   0.88607430E+25
  -0.69924666E+01   0.88932327E+25
  -0.69875903E+01   0.89258217E+25
  -0.69827141E+01   0.89585101E+25
  -0.69778379E+01   0.89912982E+25
  -0.69729616E+01   0.90241862E+25
  -0.69680854E+01   0.90571744E+25
  -0.69632092E+01   0.90902629E+25
  -0.69583329E+01   0.91234521E+25
  -0.69534567E+01   0.91567421E+25
  -0.69485805E+01   0.91901332E+25
  -0.69437042E+01   0.92236256E+25
  -0.69388280E+01   0.92572195E+25
  -0.69339518E+01   0.92909152E+25
  -0.69290755E+01   0.93247130E+25
  -0.69241993E+01   0.93586129E+25
  -0.69193231E+01   0.93926154E+25
  -0.69144469E+01   0.94267206E+25
  -0.69095706E+01   0.94609287E+25
  -0.69046944E+01   0.94952401E+25
  -0.68998182E+01   0.95296549E+25
  -0.68949419E+01   0.95641733E+25
  -0.68900657E+01   0.95987957E+25
  -0.68851895E+01   0.96335222E+25
  -0.68803132E+01   0.96683531E+25
  -0.68754370E+01   0.97032886E+25
  -0.68705608E+01   0.97383290E+25
  -0.68656845E+01   0.97734745E+25
  -0.68608083E+01   0.98087254E+25
  -0.68559321E+01   0.98440819E+25
  -0.68510558E+01   0.98795442E+25
  -0.68461796E+01   0.99151126E+25
  -0.68413034E+01   0.99507873E+25
  -0.68364271E+01   0.99865685E+25
  -0.68315509E+01   0.10022457E+26
  -0.68266747E+01   0.10058452E+26
  -0.68217984E+01   0.10094554E+26
  -0.68169222E+01   0.10130764E+26
  -0.68120460E+01   0.10167082E+26
  -0.68071697E+01   0.10203508E+26
  -0.68022935E+01   0.10240042E+26
  -0.67974173E+01   0.10276685E+26
  -0.67925411E+01   0.10313436E+26
  -0.67876648E+01   0.10350297E+26
  -0.67827886E+01   0.10387266E+26
  -0.67779124E+01   0.10424346E+26
  -0.67730361E+01   0.10461535E+26
  -0.67681599E+01   0.10498834E+26
  -0.67632837E+01   0.10536243E+26
  -0.67584074E+01   0.10573763E+26
  -0.67535312E+01   0.10611394E+26
  -0.67486550E+01   0.10649136E+26
  -0.67437787E+01   0.10686989E+26
  -0.67389025E+01   0.10724953E+26
  -0.67340263E+01   0.10763030E+26
  -0.67291500E+01   0.10801218E+26
  -0.67242738E+01   0.10839519E+26
  -0.67193976E+01   0.10877932E+26
  -0.67145213E+01   0.10916459E+26
  -0.67096451E+01   0.10955098E+26
  -0.67047689E+01   0.10993851E+26
  -0.66998926E+01   0.11032717E+26
  -0.66950164E+01   0.11071697E+26
  -0.66901402E+01   0.11110791E+26
  -0.66852639E+01   0.11150000E+26
  -0.66803877E+01   0.11189323E+26
  -0.66755115E+01   0.11228761E+26
  -0.66706353E+01   0.11268314E+26
  -0.66657590E+01   0.11307983E+26
  -0.66608828E+01   0.11347768E+26
  -0.66560066E+01   0.11387668E+26
  -0.66511303E+01   0.11427685E+26
  -0.66462541E+01   0.11467818E+26
  -0.66413779E+01   0.11508067E+26
  -0.66365016E+01   0.11548434E+26
  -0.66316254E+01   0.11588918E+26
  -0.66267492E+01   0.11629520E+26
  -0.66218729E+01   0.11670240E+26
  -0.66169967E+01   0.11711077E+26
  -0.66121205E+01   0.11752033E+26
  -0.66072442E+01   0.11793107E+26
  -0.66023680E+01   0.11834301E+26
  -0.65974918E+01   0.11875613E+26
  -0.65926155E+01   0.11917045E+26
  -0.65877393E+01   0.11958597E+26
  -0.65828631E+01   0.12000269E+26
  -0.65779868E+01   0.12042060E+26
  -0.65731106E+01   0.12083973E+26
  -0.65682344E+01   0.12126006E+26
  -0.65633581E+01   0.12168160E+26
  -0.65584819E+01   0.12210436E+26
  -0.65536057E+01   0.12252833E+26
  -0.65487295E+01   0.12295352E+26
  -0.65438532E+01   0.12337993E+26
  -0.65389770E+01   0.12380757E+26
  -0.65341008E+01   0.12423643E+26
  -0.65292245E+01   0.12466653E+26
  -0.65243483E+01   0.12509785E+26
  -0.65194721E+01   0.12553042E+26
  -0.65145958E+01   0.12596422E+26
  -0.65097196E+01   0.12639926E+26
  -0.65048434E+01   0.12683554E+26
  -0.64999671E+01   0.12727307E+26
  -0.64950909E+01   0.12771186E+26
  -0.64902147E+01   0.12815189E+26
  -0.64853384E+01   0.12859318E+26
  -0.64804622E+01   0.12903573E+26
  -0.64755860E+01   0.12947954E+26
  -0.64707097E+01   0.12992461E+26
  -0.64658335E+01   0.13037095E+26
  -0.64609573E+01   0.13081856E+26
  -0.64560810E+01   0.13126744E+26
  -0.64512048E+01   0.13171760E+26
  -0.64463286E+01   0.13216903E+26
  -0.64414523E+01   0.13262175E+26
  -0.64365761E+01   0.13307575E+26
  -0.64316999E+01   0.13353104E+26
  -0.64268237E+01   0.13398761E+26
  -0.64219474E+01   0.13444548E+26
  -0.64005409E+01   0.13647088E+26
  -0.63791344E+01   0.13852151E+26
  -0.63577279E+01   0.14059760E+26
  -0.63363215E+01   0.14269942E+26
  -0.63149150E+01   0.14482722E+26
  -0.62935085E+01   0.14698127E+26
  -0.62721020E+01   0.14916182E+26
  -0.62506955E+01   0.15136914E+26
  -0.62292890E+01   0.15360350E+26
  -0.62078825E+01   0.15586516E+26
  -0.61864760E+01   0.15815441E+26
  -0.61650695E+01   0.16047151E+26
  -0.61436630E+01   0.16281674E+26
  -0.61222565E+01   0.16519040E+26
  -0.61008500E+01   0.16759275E+26
  -0.60794436E+01   0.17002409E+26
  -0.60580371E+01   0.17248471E+26
  -0.60366306E+01   0.17497490E+26
  -0.60152241E+01   0.17749496E+26
  -0.59938176E+01   0.18004519E+26
  -0.59724111E+01   0.18262589E+26
  -0.59510046E+01   0.18523737E+26
  -0.59295981E+01   0.18787994E+26
  -0.59081916E+01   0.19055390E+26
  -0.58867851E+01   0.19325958E+26
  -0.58653786E+01   0.19599730E+26
  -0.58439722E+01   0.19876737E+26
  -0.58225657E+01   0.20157013E+26
  -0.58011592E+01   0.20440590E+26
  -0.57797527E+01   0.20727502E+26
  -0.57583462E+01   0.21017782E+26
  -0.57369397E+01   0.21311465E+26
  -0.57155332E+01   0.21608585E+26
  -0.56941267E+01   0.21909176E+26
  -0.56727202E+01   0.22213274E+26
  -0.56513137E+01   0.22520915E+26
  -0.56299072E+01   0.22832134E+26
  -0.56085007E+01   0.23146967E+26
  -0.55870943E+01   0.23465453E+26
  -0.55656878E+01   0.23787626E+26
  -0.55442813E+01   0.24113526E+26
  -0.55228748E+01   0.24443190E+26
  -0.55014683E+01   0.24776656E+26
  -0.54800618E+01   0.25113963E+26
  -0.54586553E+01   0.25455151E+26
  -0.54372488E+01   0.25800259E+26
  -0.54158423E+01   0.26149326E+26
  -0.53944358E+01   0.26502395E+26
  -0.53730293E+01   0.26859504E+26
  -0.53516228E+01   0.27220697E+26
  -0.53302164E+01   0.27586015E+26
  -0.53088099E+01   0.27955499E+26
  -0.52874034E+01   0.28329193E+26
  -0.52659969E+01   0.28707141E+26
  -0.52445904E+01   0.29089385E+26
  -0.52231839E+01   0.29475970E+26
  -0.52017774E+01   0.29866940E+26
  -0.51803709E+01   0.30262342E+26
  -0.51589644E+01   0.30662220E+26
  -0.51375579E+01   0.31066621E+26
  -0.51161514E+01   0.31475591E+26
  -0.50947450E+01   0.31889177E+26
  -0.50733385E+01   0.32307428E+26
  -0.50519320E+01   0.32730391E+26
  -0.50305255E+01   0.33158116E+26
  -0.50091190E+01   0.33590651E+26
  -0.49877125E+01   0.34028046E+26
  -0.49663060E+01   0.34470353E+26
  -0.49448995E+01   0.34917621E+26
  -0.49234930E+01   0.35369902E+26
  -0.49020865E+01   0.35827248E+26
  -0.48806800E+01   0.36289713E+26
  -0.48592735E+01   0.36757349E+26
  -0.48378671E+01   0.37230209E+26
  -0.48164606E+01   0.37708349E+26
  -0.47950541E+01   0.38191824E+26
  -0.47736476E+01   0.38680688E+26
  -0.47522411E+01   0.39174999E+26
  -0.47308346E+01   0.39674813E+26
  -0.47094281E+01   0.40180187E+26
  -0.46880216E+01   0.40691180E+26
  -0.46666151E+01   0.41207850E+26
  -0.46452086E+01   0.41730257E+26
  -0.46238021E+01   0.42258460E+26
  -0.46023956E+01   0.42792521E+26
  -0.45809892E+01   0.43332501E+26
  -0.45595827E+01   0.43878461E+26
  -0.45381762E+01   0.44430465E+26
  -0.45167697E+01   0.44988575E+26
  -0.44953632E+01   0.45552857E+26
  -0.44739567E+01   0.46123374E+26
  -0.44525502E+01   0.46700192E+26
  -0.44311437E+01   0.47283378E+26
  -0.44097372E+01   0.47872998E+26
  -0.43883307E+01   0.48469120E+26
  -0.43669242E+01   0.49071812E+26
  -0.43455178E+01   0.49681144E+26
  -0.43241113E+01   0.50297185E+26
  -0.43027048E+01   0.50920007E+26
  -0.42812983E+01   0.51549680E+26
  -0.42598918E+01   0.52186277E+26
  -0.42384853E+01   0.52829870E+26
  -0.42170788E+01   0.53480535E+26
  -0.41956723E+01   0.54138344E+26
  -0.41742658E+01   0.54803374E+26
  -0.41528593E+01   0.55475701E+26
  -0.41314528E+01   0.56155402E+26
  -0.41100463E+01   0.56842556E+26
  -0.40886399E+01   0.57537239E+26
  -0.40672334E+01   0.58239534E+26
  -0.40458269E+01   0.58949519E+26
  -0.40244204E+01   0.59667276E+26
  -0.40030139E+01   0.60392888E+26
  -0.39816074E+01   0.61126438E+26
  -0.39602009E+01   0.61868009E+26
  -0.39387944E+01   0.62617688E+26
  -0.39173879E+01   0.63375558E+26
  -0.38959814E+01   0.64141709E+26
  -0.38745749E+01   0.64916227E+26
  -0.38531685E+01   0.65699200E+26
  -0.38317620E+01   0.66490720E+26
  -0.38103555E+01   0.67290876E+26
  -0.37889490E+01   0.68099759E+26
  -0.37675425E+01   0.68917464E+26
  -0.37461360E+01   0.69744083E+26
  -0.37247295E+01   0.70579711E+26
  -0.37033230E+01   0.71424444E+26
  -0.36819165E+01   0.72278378E+26
  -0.36605100E+01   0.73141611E+26
  -0.36391035E+01   0.74014243E+26
  -0.36176970E+01   0.74896372E+26
  -0.35962906E+01   0.75788101E+26
  -0.35748841E+01   0.76689530E+26
  -0.35534776E+01   0.77600763E+26
  -0.35320711E+01   0.78521905E+26
  -0.35106646E+01   0.79453061E+26
  -0.34892581E+01   0.80394337E+26
  -0.34678516E+01   0.81345841E+26
  -0.34464451E+01   0.82307682E+26
  -0.34250386E+01   0.83279970E+26
  -0.34036321E+01   0.84262816E+26
  -0.33822256E+01   0.85256332E+26
  -0.33608191E+01   0.86260632E+26
  -0.33394127E+01   0.87275831E+26
  -0.33180062E+01   0.88302045E+26
  -0.32965997E+01   0.89339391E+26
  -0.32751932E+01   0.90387987E+26
  -0.32537867E+01   0.91447953E+26
  -0.32323802E+01   0.92519411E+26
  -0.32109737E+01   0.93602482E+26
  -0.31895672E+01   0.94697290E+26
  -0.31681607E+01   0.95803960E+26
  -0.31467542E+01   0.96922618E+26
  -0.31253477E+01   0.98053392E+26
  -0.31039413E+01   0.99196411E+26
  -0.30825348E+01   0.10035180E+27
  -0.30611283E+01   0.10151970E+27
  -0.30397218E+01   0.10270024E+27
  -0.30183153E+01   0.10389356E+27
  -0.29969088E+01   0.10509978E+27
  -0.29755023E+01   0.10631905E+27
  -0.29540958E+01   0.10755150E+27
  -0.29326893E+01   0.10879728E+27
  -0.29112828E+01   0.11005653E+27
  -0.28898763E+01   0.11132938E+27
  -0.28684698E+01   0.11261599E+27
  -0.28470634E+01   0.11391650E+27
  -0.28256569E+01   0.11523105E+27
  -0.28042504E+01   0.11655980E+27
  -0.27828439E+01   0.11790289E+27
  -0.27614374E+01   0.11926048E+27
  -0.27400309E+01   0.12063272E+27
  -0.27186244E+01   0.12201977E+27
  -0.26972179E+01   0.12342177E+27
  -0.26758114E+01   0.12483890E+27
  -0.26544049E+01   0.12627130E+27
  -0.26329984E+01   0.12771914E+27
  -0.26115920E+01   0.12918257E+27
  -0.25901855E+01   0.13066177E+27
  -0.25687790E+01   0.13215690E+27
  -0.25473725E+01   0.13366812E+27
  -0.25259660E+01   0.13519561E+27
  -0.25045595E+01   0.13673953E+27
  -0.24831530E+01   0.13830005E+27
  -0.24617465E+01   0.13987734E+27
  -0.24403400E+01   0.14147158E+27
  -0.24189335E+01   0.14308295E+27
  -0.23975270E+01   0.14471162E+27
  -0.23761205E+01   0.14635776E+27
  -0.23547141E+01   0.14802156E+27
  -0.23333076E+01   0.14970320E+27
  -0.23119011E+01   0.15140286E+27
  -0.22904946E+01   0.15312072E+27
  -0.22690881E+01   0.15485697E+27
  -0.22476816E+01   0.15661179E+27
  -0.22262751E+01   0.15838536E+27
  -0.22048686E+01   0.16017788E+27
  -0.21834621E+01   0.16198954E+27
  -0.21620556E+01   0.16382051E+27
  -0.21406491E+01   0.16567100E+27
  -0.21192426E+01   0.16754119E+27
  -0.20978362E+01   0.16943127E+27
  -0.20764297E+01   0.17134144E+27
  -0.20550232E+01   0.17327188E+27
  -0.20336167E+01   0.17522280E+27
  -0.20122102E+01   0.17719438E+27
  -0.19908037E+01   0.17918681E+27
  -0.19693972E+01   0.18120028E+27
  -0.19479907E+01   0.18323500E+27
  -0.19265842E+01   0.18529115E+27
  -0.19051777E+01   0.18736891E+27
  -0.18837712E+01   0.18946849E+27
  -0.18623648E+01   0.19159006E+27
  -0.18409583E+01   0.19373382E+27
  -0.18195518E+01   0.19589995E+27
  -0.17981453E+01   0.19808864E+27
  -0.17767388E+01   0.20030006E+27
  -0.17553323E+01   0.20253439E+27
  -0.17339258E+01   0.20479181E+27
  -0.17125193E+01   0.20707250E+27
  -0.16911128E+01   0.20937661E+27
  -0.16697063E+01   0.21170431E+27
  -0.16482998E+01   0.21405576E+27
  -0.16268933E+01   0.21643112E+27
  -0.16054869E+01   0.21883053E+27
  -0.15840804E+01   0.22125413E+27
  -0.15626739E+01   0.22370206E+27
  -0.15412674E+01   0.22617444E+27
  -0.15198609E+01   0.22867139E+27
  -0.14984544E+01   0.23119302E+27
  -0.14770479E+01   0.23373943E+27
  -0.14556414E+01   0.23631070E+27
  -0.14342349E+01   0.23890692E+27
  -0.14128284E+01   0.24152814E+27
  -0.13914219E+01   0.24417440E+27
  -0.13700154E+01   0.24684576E+27
  -0.13486090E+01   0.24954221E+27
  -0.13272025E+01   0.25226377E+27
  -0.13057960E+01   0.25501041E+27
  -0.12843895E+01   0.25778210E+27
  -0.12629830E+01   0.26057877E+27
  -0.12415765E+01   0.26340035E+27
  -0.12201700E+01   0.26624672E+27
  -0.11987635E+01   0.26911775E+27
  -0.11773570E+01   0.27201329E+27
  -0.11559505E+01   0.27493315E+27
  -0.11345440E+01   0.27787709E+27
  -0.11131376E+01   0.28084488E+27
  -0.10917311E+01   0.28383622E+27
  -0.10703246E+01   0.28685080E+27
  -0.10489181E+01   0.28988824E+27
  -0.10275116E+01   0.29294815E+27
  -0.10061051E+01   0.29603009E+27
  -0.98469860E+00   0.29913357E+27
  -0.96329211E+00   0.30225805E+27
  -0.94188562E+00   0.30540297E+27
  -0.92047913E+00   0.30856770E+27
  -0.89907264E+00   0.31175155E+27
  -0.87766615E+00   0.31495381E+27
  -0.85625966E+00   0.31817370E+27
  -0.83485316E+00   0.32141037E+27
  -0.81344667E+00   0.32466295E+27
  -0.79204018E+00   0.32793050E+27
  -0.77063369E+00   0.33121201E+27
  -0.74922720E+00   0.33450644E+27
  -0.72782071E+00   0.33781267E+27
  -0.70641422E+00   0.34112955E+27
  -0.68500772E+00   0.34445587E+27
  -0.66360123E+00   0.34779034E+27
  -0.64219474E+00   0.35113167E+27
  -0.62078825E+00   0.35447848E+27
  -0.59938176E+00   0.35782936E+27
  -0.57797527E+00   0.36118285E+27
  -0.55656878E+00   0.36453747E+27
  -0.53516228E+00   0.36789168E+27
  -0.51375579E+00   0.37124392E+27
  -0.49234930E+00   0.37459260E+27
  -0.47094281E+00   0.37793612E+27
  -0.44953632E+00   0.38127283E+27
  -0.42812983E+00   0.38460111E+27
  -0.40672334E+00   0.38791930E+27
  -0.38531685E+00   0.39122576E+27
  -0.36391035E+00   0.39451885E+27
  -0.34250386E+00   0.39779694E+27
  -0.32109737E+00   0.40105842E+27
  -0.29969088E+00   0.40430169E+27
  -0.27828439E+00   0.40752521E+27
  -0.25687790E+00   0.41072744E+27
  -0.23547141E+00   0.41390690E+27
  -0.21406491E+00   0.41706215E+27
  -0.19265842E+00   0.42019181E+27
  -0.17125193E+00   0.42329453E+27
  -0.14984544E+00   0.42636905E+27
  -0.12843895E+00   0.42941415E+27
  -0.10703246E+00   0.43242866E+27
  -0.85625966E-01   0.43541155E+27
  -0.64219474E-01   0.43836166E+27
  -0.42812983E-01   0.44127845E+27
  -0.21406491E-01   0.44416014E+27
   0.00000000E+00   0.44700719E+27
