 -0.23025851E+002  0.24418612E+010 -0.24418670E+010  0.24418728E+010
 -0.23002802E+002  0.23862225E+010 -0.23862282E+010  0.23862271E+010
 -0.22979753E+002  0.23318516E+010 -0.23318573E+010  0.23318580E+010
 -0.22956704E+002  0.22787195E+010 -0.22787252E+010  0.22787255E+010
 -0.22933655E+002  0.22267980E+010 -0.22268038E+010  0.22268041E+010
 -0.22910606E+002  0.21760596E+010 -0.21760654E+010  0.21760657E+010
 -0.22887558E+002  0.21264773E+010 -0.21264831E+010  0.21264834E+010
 -0.22864509E+002  0.20780248E+010 -0.20780305E+010  0.20780308E+010
 -0.22841460E+002  0.20306762E+010 -0.20306819E+010  0.20306823E+010
 -0.22818411E+002  0.19844065E+010 -0.19844122E+010  0.19844126E+010
 -0.22795362E+002  0.19391911E+010 -0.19391968E+010  0.19391971E+010
 -0.22772313E+002  0.18950059E+010 -0.18950116E+010  0.18950119E+010
 -0.22749264E+002  0.18518275E+010 -0.18518332E+010  0.18518335E+010
 -0.22726215E+002  0.18096329E+010 -0.18096386E+010  0.18096389E+010
 -0.22703166E+002  0.17683997E+010 -0.17684054E+010  0.17684058E+010
 -0.22680117E+002  0.17281061E+010 -0.17281117E+010  0.17281121E+010
 -0.22657069E+002  0.16887305E+010 -0.16887362E+010  0.16887365E+010
 -0.22634020E+002  0.16502522E+010 -0.16502578E+010  0.16502582E+010
 -0.22610971E+002  0.16126505E+010 -0.16126562E+010  0.16126565E+010
 -0.22587922E+002  0.15759057E+010 -0.15759113E+010  0.15759117E+010
 -0.22564873E+002  0.15399981E+010 -0.15400037E+010  0.15400040E+010
 -0.22541824E+002  0.15049086E+010 -0.15049142E+010  0.15049146E+010
 -0.22518775E+002  0.14706187E+010 -0.14706243E+010  0.14706247E+010
 -0.22495726E+002  0.14371101E+010 -0.14371157E+010  0.14371160E+010
 -0.22472677E+002  0.14043650E+010 -0.14043705E+010  0.14043709E+010
 -0.22449628E+002  0.13723659E+010 -0.13723715E+010  0.13723719E+010
 -0.22426580E+002  0.13410960E+010 -0.13411016E+010  0.13411020E+010
 -0.22403531E+002  0.13105386E+010 -0.13105442E+010  0.13105446E+010
 -0.22380482E+002  0.12806775E+010 -0.12806830E+010  0.12806834E+010
 -0.22357433E+002  0.12514967E+010 -0.12515023E+010  0.12515027E+010
 -0.22334384E+002  0.12229809E+010 -0.12229864E+010  0.12229868E+010
 -0.22311335E+002  0.11951148E+010 -0.11951203E+010  0.11951207E+010
 -0.22288286E+002  0.11678836E+010 -0.11678891E+010  0.11678895E+010
 -0.22265237E+002  0.11412729E+010 -0.11412784E+010  0.11412788E+010
 -0.22242188E+002  0.11152685E+010 -0.11152740E+010  0.11152744E+010
 -0.22219139E+002  0.10898567E+010 -0.10898621E+010  0.10898625E+010
 -0.22196091E+002  0.10650238E+010 -0.10650293E+010  0.10650297E+010
 -0.22173042E+002  0.10407568E+010 -0.10407623E+010  0.10407627E+010
 -0.22149993E+002  0.10170427E+010 -0.10170482E+010  0.10170486E+010
 -0.22126944E+002  0.99386896E+009 -0.99387441E+009  0.99387480E+009
 -0.22103895E+002  0.97122323E+009 -0.97122867E+009  0.97122906E+009
 -0.22080846E+002  0.94909349E+009 -0.94909892E+009  0.94909931E+009
 -0.22057797E+002  0.92746799E+009 -0.92747341E+009  0.92747380E+009
 -0.22034748E+002  0.90633523E+009 -0.90634064E+009  0.90634103E+009
 -0.22011699E+002  0.88568398E+009 -0.88568938E+009  0.88568977E+009
 -0.21988650E+002  0.86550328E+009 -0.86550867E+009  0.86550906E+009
 -0.21965602E+002  0.84578240E+009 -0.84578779E+009  0.84578818E+009
 -0.21942553E+002  0.82651087E+009 -0.82651625E+009  0.82651664E+009
 -0.21919504E+002  0.80767845E+009 -0.80768381E+009  0.80768421E+009
 -0.21896455E+002  0.78927513E+009 -0.78928048E+009  0.78928088E+009
 -0.21873406E+002  0.77129113E+009 -0.77129648E+009  0.77129687E+009
 -0.21850357E+002  0.75371691E+009 -0.75372225E+009  0.75372264E+009
 -0.21827308E+002  0.73654312E+009 -0.73654845E+009  0.73654884E+009
 -0.21804259E+002  0.71976064E+009 -0.71976596E+009  0.71976635E+009
 -0.21781210E+002  0.70336055E+009 -0.70336587E+009  0.70336626E+009
 -0.21758161E+002  0.68733415E+009 -0.68733945E+009  0.68733985E+009
 -0.21735113E+002  0.67167291E+009 -0.67167821E+009  0.67167860E+009
 -0.21712064E+002  0.65636852E+009 -0.65637381E+009  0.65637420E+009
 -0.21689015E+002  0.64141284E+009 -0.64141812E+009  0.64141851E+009
 -0.21665966E+002  0.62679794E+009 -0.62680321E+009  0.62680360E+009
 -0.21642917E+002  0.61251604E+009 -0.61252130E+009  0.61252169E+009
 -0.21619868E+002  0.59855955E+009 -0.59856480E+009  0.59856520E+009
 -0.21596819E+002  0.58492107E+009 -0.58492631E+009  0.58492671E+009
 -0.21573770E+002  0.57159335E+009 -0.57159858E+009  0.57159898E+009
 -0.21550721E+002  0.55856930E+009 -0.55857453E+009  0.55857492E+009
 -0.21527672E+002  0.54584201E+009 -0.54584723E+009  0.54584762E+009
 -0.21504624E+002  0.53340472E+009 -0.53340992E+009  0.53341032E+009
 -0.21481575E+002  0.52125081E+009 -0.52125601E+009  0.52125640E+009
 -0.21458526E+002  0.50937384E+009 -0.50937902E+009  0.50937942E+009
 -0.21435477E+002  0.49776748E+009 -0.49777266E+009  0.49777305E+009
 -0.21412428E+002  0.48642558E+009 -0.48643075E+009  0.48643114E+009
 -0.21389379E+002  0.47534211E+009 -0.47534727E+009  0.47534766E+009
 -0.21366330E+002  0.46451118E+009 -0.46451633E+009  0.46451672E+009
 -0.21343281E+002  0.45392703E+009 -0.45393217E+009  0.45393257E+009
 -0.21320232E+002  0.44358405E+009 -0.44358918E+009  0.44358958E+009
 -0.21297183E+002  0.43347674E+009 -0.43348186E+009  0.43348225E+009
 -0.21274135E+002  0.42359972E+009 -0.42360483E+009  0.42360523E+009
 -0.21251086E+002  0.41394776E+009 -0.41395286E+009  0.41395326E+009
 -0.21228037E+002  0.40451572E+009 -0.40452081E+009  0.40452121E+009
 -0.21204988E+002  0.39529859E+009 -0.39530367E+009  0.39530407E+009
 -0.21181939E+002  0.38629147E+009 -0.38629655E+009  0.38629694E+009
 -0.21158890E+002  0.37748959E+009 -0.37749466E+009  0.37749505E+009
 -0.21135841E+002  0.36888826E+009 -0.36889332E+009  0.36889371E+009
 -0.21112792E+002  0.36048291E+009 -0.36048796E+009  0.36048836E+009
 -0.21089743E+002  0.35226909E+009 -0.35227412E+009  0.35227452E+009
 -0.21066694E+002  0.34424241E+009 -0.34424744E+009  0.34424784E+009
 -0.21043646E+002  0.33639863E+009 -0.33640365E+009  0.33640405E+009
 -0.21020597E+002  0.32873357E+009 -0.32873858E+009  0.32873898E+009
 -0.20997548E+002  0.32124316E+009 -0.32124817E+009  0.32124856E+009
 -0.20974499E+002  0.31392343E+009 -0.31392842E+009  0.31392882E+009
 -0.20951450E+002  0.30677047E+009 -0.30677546E+009  0.30677585E+009
 -0.20928401E+002  0.29978050E+009 -0.29978548E+009  0.29978587E+009
 -0.20905352E+002  0.29294980E+009 -0.29295476E+009  0.29295516E+009
 -0.20882303E+002  0.28627474E+009 -0.28627969E+009  0.28628009E+009
 -0.20859254E+002  0.27975177E+009 -0.27975671E+009  0.27975711E+009
 -0.20836205E+002  0.27337743E+009 -0.27338236E+009  0.27338276E+009
 -0.20813157E+002  0.26714833E+009 -0.26715325E+009  0.26715365E+009
 -0.20790108E+002  0.26106116E+009 -0.26106608E+009  0.26106647E+009
 -0.20767059E+002  0.25511269E+009 -0.25511760E+009  0.25511800E+009
 -0.20744010E+002  0.24929976E+009 -0.24930466E+009  0.24930505E+009
 -0.20720961E+002  0.24361927E+009 -0.24362417E+009  0.24362456E+009
 -0.20697912E+002  0.23806822E+009 -0.23807311E+009  0.23807350E+009
 -0.20674863E+002  0.23264366E+009 -0.23264853E+009  0.23264893E+009
 -0.20651814E+002  0.22734269E+009 -0.22734755E+009  0.22734795E+009
 -0.20628765E+002  0.22216251E+009 -0.22216736E+009  0.22216776E+009
 -0.20605716E+002  0.21710036E+009 -0.21710520E+009  0.21710560E+009
 -0.20582668E+002  0.21215355E+009 -0.21215839E+009  0.21215878E+009
 -0.20559619E+002  0.20731945E+009 -0.20732428E+009  0.20732468E+009
 -0.20536570E+002  0.20259551E+009 -0.20260033E+009  0.20260072E+009
 -0.20513521E+002  0.19797920E+009 -0.19798401E+009  0.19798441E+009
 -0.20490472E+002  0.19346807E+009 -0.19347287E+009  0.19347327E+009
 -0.20467423E+002  0.18905974E+009 -0.18906453E+009  0.18906492E+009
 -0.20444374E+002  0.18475184E+009 -0.18475663E+009  0.18475702E+009
 -0.20421325E+002  0.18054211E+009 -0.18054688E+009  0.18054728E+009
 -0.20398276E+002  0.17642829E+009 -0.17643306E+009  0.17643345E+009
 -0.20375227E+002  0.17240821E+009 -0.17241297E+009  0.17241336E+009
 -0.20352179E+002  0.16847973E+009 -0.16848448E+009  0.16848487E+009
 -0.20329130E+002  0.16464076E+009 -0.16464550E+009  0.16464589E+009
 -0.20306081E+002  0.16088926E+009 -0.16089399E+009  0.16089439E+009
 -0.20283032E+002  0.15722324E+009 -0.15722796E+009  0.15722836E+009
 -0.20259983E+002  0.15364076E+009 -0.15364547E+009  0.15364586E+009
 -0.20236934E+002  0.15013990E+009 -0.15014460E+009  0.15014500E+009
 -0.20213885E+002  0.14671881E+009 -0.14672350E+009  0.14672390E+009
 -0.20190836E+002  0.14337567E+009 -0.14338035E+009  0.14338075E+009
 -0.20167787E+002  0.14010871E+009 -0.14011338E+009  0.14011378E+009
 -0.20144738E+002  0.13691618E+009 -0.13692084E+009  0.13692124E+009
 -0.20121690E+002  0.13379640E+009 -0.13380105E+009  0.13380145E+009
 -0.20098641E+002  0.13074770E+009 -0.13075234E+009  0.13075274E+009
 -0.20075592E+002  0.12776847E+009 -0.12777310E+009  0.12777350E+009
 -0.20052543E+002  0.12485712E+009 -0.12486175E+009  0.12486214E+009
 -0.20029494E+002  0.12201211E+009 -0.12201672E+009  0.12201712E+009
 -0.20006445E+002  0.11923192E+009 -0.11923653E+009  0.11923692E+009
 -0.19983396E+002  0.11651508E+009 -0.11651968E+009  0.11652007E+009
 -0.19960347E+002  0.11386014E+009 -0.11386473E+009  0.11386513E+009
 -0.19937298E+002  0.11126570E+009 -0.11127028E+009  0.11127068E+009
 -0.19914249E+002  0.10873037E+009 -0.10873494E+009  0.10873534E+009
 -0.19891201E+002  0.10625281E+009 -0.10625738E+009  0.10625777E+009
 -0.19868152E+002  0.10383171E+009 -0.10383626E+009  0.10383666E+009
 -0.19845103E+002  0.10146577E+009 -0.10147031E+009  0.10147071E+009
 -0.19822054E+002  0.99153735E+008 -0.99158271E+008  0.99158668E+008
 -0.19799005E+002  0.96894384E+008 -0.96898911E+008  0.96899308E+008
 -0.19775956E+002  0.94686513E+008 -0.94691030E+008  0.94691428E+008
 -0.19752907E+002  0.92528950E+008 -0.92533458E+008  0.92533855E+008
 -0.19729858E+002  0.90420547E+008 -0.90425046E+008  0.90425443E+008
 -0.19706809E+002  0.88360185E+008 -0.88364675E+008  0.88365072E+008
 -0.19683760E+002  0.86346769E+008 -0.86351250E+008  0.86351647E+008
 -0.19660712E+002  0.84379230E+008 -0.84383701E+008  0.84384098E+008
 -0.19637663E+002  0.82456522E+008 -0.82460984E+008  0.82461381E+008
 -0.19614614E+002  0.80577623E+008 -0.80582076E+008  0.80582474E+008
 -0.19591565E+002  0.78741536E+008 -0.78745980E+008  0.78746378E+008
 -0.19568516E+002  0.76947286E+008 -0.76951720E+008  0.76952117E+008
 -0.19545467E+002  0.75193917E+008 -0.75198343E+008  0.75198740E+008
 -0.19522418E+002  0.73480500E+008 -0.73484917E+008  0.73485314E+008
 -0.19499369E+002  0.71806124E+008 -0.71810532E+008  0.71810929E+008
 -0.19476320E+002  0.70169900E+008 -0.70174298E+008  0.70174695E+008
 -0.19453271E+002  0.68570957E+008 -0.68575346E+008  0.68575743E+008
 -0.19430223E+002  0.67008447E+008 -0.67012827E+008  0.67013224E+008
 -0.19407174E+002  0.65481540E+008 -0.65485910E+008  0.65486308E+008
 -0.19384125E+002  0.63989424E+008 -0.63993785E+008  0.63994182E+008
 -0.19361076E+002  0.62531306E+008 -0.62535658E+008  0.62536056E+008
 -0.19338027E+002  0.61106412E+008 -0.61110755E+008  0.61111153E+008
 -0.19314978E+002  0.59713985E+008 -0.59718319E+008  0.59718716E+008
 -0.19291929E+002  0.58353285E+008 -0.58357610E+008  0.58358007E+008
 -0.19268880E+002  0.57023590E+008 -0.57027905E+008  0.57028303E+008
 -0.19245831E+002  0.55724192E+008 -0.55728498E+008  0.55728895E+008
 -0.19222782E+002  0.54454401E+008 -0.54458698E+008  0.54459096E+008
 -0.19199734E+002  0.53213543E+008 -0.53217831E+008  0.53218229E+008
 -0.19176685E+002  0.52000959E+008 -0.52005238E+008  0.52005635E+008
 -0.19153636E+002  0.50816004E+008 -0.50820274E+008  0.50820671E+008
 -0.19130587E+002  0.49658049E+008 -0.49662309E+008  0.49662707E+008
 -0.19107538E+002  0.48526478E+008 -0.48530730E+008  0.48531127E+008
 -0.19084489E+002  0.47420691E+008 -0.47424933E+008  0.47425330E+008
 -0.19061440E+002  0.46340099E+008 -0.46344333E+008  0.46344730E+008
 -0.19038391E+002  0.45284130E+008 -0.45288354E+008  0.45288751E+008
 -0.19015342E+002  0.44252221E+008 -0.44256436E+008  0.44256833E+008
 -0.18992293E+002  0.43243825E+008 -0.43248031E+008  0.43248428E+008
 -0.18969245E+002  0.42258405E+008 -0.42262602E+008  0.42262999E+008
 -0.18946196E+002  0.41295439E+008 -0.41299627E+008  0.41300024E+008
 -0.18923147E+002  0.40354415E+008 -0.40358593E+008  0.40358991E+008
 -0.18900098E+002  0.39434832E+008 -0.39439001E+008  0.39439399E+008
 -0.18877049E+002  0.38536203E+008 -0.38540363E+008  0.38540760E+008
 -0.18854000E+002  0.37658049E+008 -0.37662200E+008  0.37662597E+008
 -0.18830951E+002  0.36799904E+008 -0.36804046E+008  0.36804443E+008
 -0.18807902E+002  0.35961313E+008 -0.35965446E+008  0.35965843E+008
 -0.18784853E+002  0.35141830E+008 -0.35145953E+008  0.35146350E+008
 -0.18761804E+002  0.34341019E+008 -0.34345133E+008  0.34345530E+008
 -0.18738756E+002  0.33558454E+008 -0.33562560E+008  0.33562957E+008
 -0.18715707E+002  0.32793722E+008 -0.32797817E+008  0.32798215E+008
 -0.18692658E+002  0.32046413E+008 -0.32050500E+008  0.32050898E+008
 -0.18669609E+002  0.31316133E+008 -0.31320211E+008  0.31320608E+008
 -0.18646560E+002  0.30602493E+008 -0.30606561E+008  0.30606959E+008
 -0.18623511E+002  0.29905113E+008 -0.29909172E+008  0.29909570E+008
 -0.18600462E+002  0.29223624E+008 -0.29227674E+008  0.29228071E+008
 -0.18577413E+002  0.28557662E+008 -0.28561703E+008  0.28562101E+008
 -0.18554364E+002  0.27906875E+008 -0.27910907E+008  0.27911305E+008
 -0.18531315E+002  0.27270917E+008 -0.27274940E+008  0.27275337E+008
 -0.18508267E+002  0.26649449E+008 -0.26653463E+008  0.26653860E+008
 -0.18485218E+002  0.26042142E+008 -0.26046147E+008  0.26046544E+008
 -0.18462169E+002  0.25448673E+008 -0.25452668E+008  0.25453066E+008
 -0.18439120E+002  0.24868726E+008 -0.24872712E+008  0.24873110E+008
 -0.18416071E+002  0.24301994E+008 -0.24305971E+008  0.24306368E+008
 -0.18393022E+002  0.23748175E+008 -0.23752143E+008  0.23752540E+008
 -0.18369973E+002  0.23206976E+008 -0.23210934E+008  0.23211332E+008
 -0.18346924E+002  0.22678108E+008 -0.22682057E+008  0.22682454E+008
 -0.18323875E+002  0.22161290E+008 -0.22165230E+008  0.22165628E+008
 -0.18300826E+002  0.21656249E+008 -0.21660180E+008  0.21660577E+008
 -0.18277778E+002  0.21162715E+008 -0.21166637E+008  0.21167034E+008
 -0.18254729E+002  0.20680427E+008 -0.20684340E+008  0.20684737E+008
 -0.18231680E+002  0.20209128E+008 -0.20213032E+008  0.20213429E+008
 -0.18208631E+002  0.19748568E+008 -0.19752463E+008  0.19752860E+008
 -0.18185582E+002  0.19298502E+008 -0.19302388E+008  0.19302785E+008
 -0.18162533E+002  0.18858692E+008 -0.18862568E+008  0.18862965E+008
 -0.18139484E+002  0.18428903E+008 -0.18432770E+008  0.18433167E+008
 -0.18116435E+002  0.18008906E+008 -0.18012764E+008  0.18013162E+008
 -0.18093386E+002  0.17598480E+008 -0.17602329E+008  0.17602726E+008
 -0.18070337E+002  0.17197406E+008 -0.17201246E+008  0.17201643E+008
 -0.18047289E+002  0.16805470E+008 -0.16809301E+008  0.16809698E+008
 -0.18024240E+002  0.16422466E+008 -0.16426287E+008  0.16426684E+008
 -0.18001191E+002  0.16048188E+008 -0.16052000E+008  0.16052397E+008
 -0.17978142E+002  0.15682438E+008 -0.15686241E+008  0.15686638E+008
 -0.17955093E+002  0.15325022E+008 -0.15328816E+008  0.15329214E+008
 -0.17932044E+002  0.14975751E+008 -0.14979536E+008  0.14979933E+008
 -0.17908995E+002  0.14634438E+008 -0.14638213E+008  0.14638611E+008
 -0.17885946E+002  0.14300902E+008 -0.14304668E+008  0.14305065E+008
 -0.17862897E+002  0.13974966E+008 -0.13978723E+008  0.13979120E+008
 -0.17839848E+002  0.13656456E+008 -0.13660204E+008  0.13660602E+008
 -0.17816800E+002  0.13345204E+008 -0.13348943E+008  0.13349341E+008
 -0.17793751E+002  0.13041045E+008 -0.13044775E+008  0.13045172E+008
 -0.17770702E+002  0.12743816E+008 -0.12747536E+008  0.12747934E+008
 -0.17747653E+002  0.12453359E+008 -0.12457071E+008  0.12457468E+008
 -0.17724604E+002  0.12169521E+008 -0.12173224E+008  0.12173621E+008
 -0.17701555E+002  0.11892151E+008 -0.11895844E+008  0.11896241E+008
 -0.17678506E+002  0.11621101E+008 -0.11624785E+008  0.11625182E+008
 -0.17655457E+002  0.11356226E+008 -0.11359901E+008  0.11360299E+008
 -0.17632408E+002  0.11097388E+008 -0.11101054E+008  0.11101451E+008
 -0.17609359E+002  0.10844447E+008 -0.10848104E+008  0.10848501E+008
 -0.17586311E+002  0.10597270E+008 -0.10600917E+008  0.10601314E+008
 -0.17563262E+002  0.10355725E+008 -0.10359363E+008  0.10359760E+008
 -0.17540213E+002  0.10119684E+008 -0.10123313E+008  0.10123710E+008
 -0.17517164E+002  0.98890210E+007 -0.98926410E+007  0.98930382E+007
 -0.17494115E+002  0.96636143E+007 -0.96672251E+007  0.96676223E+007
 -0.17471066E+002  0.94433437E+007 -0.94469454E+007  0.94473426E+007
 -0.17448017E+002  0.92280923E+007 -0.92316849E+007  0.92320821E+007
 -0.17424968E+002  0.90177457E+007 -0.90213291E+007  0.90217263E+007
 -0.17401919E+002  0.88121921E+007 -0.88157663E+007  0.88161635E+007
 -0.17378870E+002  0.86113223E+007 -0.86148873E+007  0.86152846E+007
 -0.17355822E+002  0.84150296E+007 -0.84185855E+007  0.84189827E+007
 -0.17332773E+002  0.82232096E+007 -0.82267564E+007  0.82271536E+007
 -0.17309724E+002  0.80357606E+007 -0.80392982E+007  0.80396954E+007
 -0.17286675E+002  0.78525829E+007 -0.78561113E+007  0.78565085E+007
 -0.17263626E+002  0.76735791E+007 -0.76770984E+007  0.76774956E+007
 -0.17240577E+002  0.74986542E+007 -0.75021643E+007  0.75025616E+007
 -0.17217528E+002  0.73277152E+007 -0.73312162E+007  0.73316134E+007
 -0.17194479E+002  0.71606713E+007 -0.71641632E+007  0.71645604E+007
 -0.17171430E+002  0.69974338E+007 -0.70009165E+007  0.70013137E+007
 -0.17148381E+002  0.68379159E+007 -0.68413894E+007  0.68417867E+007
 -0.17125333E+002  0.66820329E+007 -0.66854973E+007  0.66858945E+007
 -0.17102284E+002  0.65297019E+007 -0.65331571E+007  0.65335543E+007
 -0.17079235E+002  0.63808420E+007 -0.63842881E+007  0.63846853E+007
 -0.17056186E+002  0.62353742E+007 -0.62388111E+007  0.62392083E+007
 -0.17033137E+002  0.60932211E+007 -0.60966489E+007  0.60970461E+007
 -0.17010088E+002  0.59543072E+007 -0.59577258E+007  0.59581230E+007
 -0.16987039E+002  0.58185587E+007 -0.58219682E+007  0.58223654E+007
 -0.16963990E+002  0.56859035E+007 -0.56893039E+007  0.56897010E+007
 -0.16940941E+002  0.55562711E+007 -0.55596623E+007  0.55600595E+007
 -0.16917892E+002  0.54295926E+007 -0.54329747E+007  0.54333718E+007
 -0.16894844E+002  0.53058008E+007 -0.53091736E+007  0.53095708E+007
 -0.16871795E+002  0.51848297E+007 -0.51881935E+007  0.51885906E+007
 -0.16848746E+002  0.50666153E+007 -0.50699698E+007  0.50703670E+007
 -0.16825697E+002  0.49510946E+007 -0.49544400E+007  0.49548372E+007
 -0.16802648E+002  0.48382063E+007 -0.48415425E+007  0.48419397E+007
 -0.16779599E+002  0.47278904E+007 -0.47312175E+007  0.47316146E+007
 -0.16756550E+002  0.46200883E+007 -0.46234062E+007  0.46238034E+007
 -0.16733501E+002  0.45147426E+007 -0.45180514E+007  0.45184486E+007
 -0.16710452E+002  0.44117976E+007 -0.44150972E+007  0.44154944E+007
 -0.16687403E+002  0.43111984E+007 -0.43144889E+007  0.43148860E+007
 -0.16664355E+002  0.42128915E+007 -0.42161729E+007  0.42165700E+007
 -0.16641306E+002  0.41168249E+007 -0.41200970E+007  0.41204942E+007
 -0.16618257E+002  0.40229473E+007 -0.40262103E+007  0.40266075E+007
 -0.16595208E+002  0.39312090E+007 -0.39344629E+007  0.39348600E+007
 -0.16572159E+002  0.38415612E+007 -0.38448059E+007  0.38452030E+007
 -0.16549110E+002  0.37539562E+007 -0.37571918E+007  0.37575889E+007
 -0.16526061E+002  0.36683475E+007 -0.36715740E+007  0.36719711E+007
 -0.16503012E+002  0.35846897E+007 -0.35879070E+007  0.35883041E+007
 -0.16479963E+002  0.35029383E+007 -0.35061464E+007  0.35065435E+007
 -0.16456914E+002  0.34230498E+007 -0.34262488E+007  0.34266459E+007
 -0.16433866E+002  0.33449818E+007 -0.33481716E+007  0.33485687E+007
 -0.16410817E+002  0.32686928E+007 -0.32718734E+007  0.32722706E+007
 -0.16387768E+002  0.31941422E+007 -0.31973138E+007  0.31977109E+007
 -0.16364719E+002  0.31212906E+007 -0.31244530E+007  0.31248501E+007
 -0.16341670E+002  0.30500991E+007 -0.30532523E+007  0.30536494E+007
 -0.16318621E+002  0.29805299E+007 -0.29836740E+007  0.29840711E+007
 -0.16295572E+002  0.29125461E+007 -0.29156810E+007  0.29160781E+007
 -0.16272523E+002  0.28461115E+007 -0.28492373E+007  0.28496344E+007
 -0.16249474E+002  0.27811909E+007 -0.27843075E+007  0.27847046E+007
 -0.16226425E+002  0.27177497E+007 -0.27208572E+007  0.27212543E+007
 -0.16203377E+002  0.26557543E+007 -0.26588526E+007  0.26592497E+007
 -0.16180328E+002  0.25951716E+007 -0.25982608E+007  0.25986578E+007
 -0.16157279E+002  0.25359695E+007 -0.25390496E+007  0.25394466E+007
 -0.16134230E+002  0.24781166E+007 -0.24811875E+007  0.24815846E+007
 -0.16111181E+002  0.24215821E+007 -0.24246439E+007  0.24250409E+007
 -0.16088132E+002  0.23663360E+007 -0.23693886E+007  0.23697856E+007
 -0.16065083E+002  0.23123489E+007 -0.23153923E+007  0.23157893E+007
 -0.16042034E+002  0.22595920E+007 -0.22626263E+007  0.22630234E+007
 -0.16018985E+002  0.22080375E+007 -0.22110627E+007  0.22114597E+007
 -0.15995936E+002  0.21576579E+007 -0.21606739E+007  0.21610709E+007
 -0.15972888E+002  0.21084264E+007 -0.21114332E+007  0.21118302E+007
 -0.15949839E+002  0.20603169E+007 -0.20633145E+007  0.20637116E+007
 -0.15926790E+002  0.20133037E+007 -0.20162922E+007  0.20166893E+007
 -0.15903741E+002  0.19673620E+007 -0.19703414E+007  0.19707384E+007
 -0.15880692E+002  0.19224673E+007 -0.19254375E+007  0.19258345E+007
 -0.15857643E+002  0.18785957E+007 -0.18815568E+007  0.18819538E+007
 -0.15834594E+002  0.18357240E+007 -0.18386759E+007  0.18390729E+007
 -0.15811545E+002  0.17938293E+007 -0.17967721E+007  0.17971690E+007
 -0.15788496E+002  0.17528894E+007 -0.17558230E+007  0.17562200E+007
 -0.15765447E+002  0.17128825E+007 -0.17158070E+007  0.17162040E+007
 -0.15742399E+002  0.16737875E+007 -0.16767028E+007  0.16770998E+007
 -0.15719350E+002  0.16355834E+007 -0.16384896E+007  0.16388865E+007
 -0.15696301E+002  0.15982500E+007 -0.16011470E+007  0.16015440E+007
 -0.15673252E+002  0.15617675E+007 -0.15646554E+007  0.15650523E+007
 -0.15650203E+002  0.15261164E+007 -0.15289952E+007  0.15293921E+007
 -0.15627154E+002  0.14912779E+007 -0.14941475E+007  0.14945445E+007
 -0.15604105E+002  0.14572334E+007 -0.14600939E+007  0.14604908E+007
 -0.15581056E+002  0.14239648E+007 -0.14268162E+007  0.14272131E+007
 -0.15558007E+002  0.13914545E+007 -0.13942967E+007  0.13946936E+007
 -0.15534958E+002  0.13596851E+007 -0.13625182E+007  0.13629151E+007
 -0.15511910E+002  0.13286399E+007 -0.13314637E+007  0.13318606E+007
 -0.15488861E+002  0.12983022E+007 -0.13011169E+007  0.13015138E+007
 -0.15465812E+002  0.12686559E+007 -0.12714615E+007  0.12718584E+007
 -0.15442763E+002  0.12396854E+007 -0.12424818E+007  0.12428787E+007
 -0.15419714E+002  0.12113752E+007 -0.12141625E+007  0.12145593E+007
 -0.15396665E+002  0.11837102E+007 -0.11864884E+007  0.11868852E+007
 -0.15373616E+002  0.11566758E+007 -0.11594448E+007  0.11598417E+007
 -0.15350567E+002  0.11302576E+007 -0.11330175E+007  0.11334143E+007
 -0.15327518E+002  0.11044416E+007 -0.11071923E+007  0.11075891E+007
 -0.15304469E+002  0.10792140E+007 -0.10819555E+007  0.10823523E+007
 -0.15281421E+002  0.10545614E+007 -0.10572938E+007  0.10576906E+007
 -0.15258372E+002  0.10304707E+007 -0.10331940E+007  0.10335908E+007
 -0.15235323E+002  0.10069292E+007 -0.10096433E+007  0.10100401E+007
 -0.15212274E+002  0.98392428E+006 -0.98662927E+006  0.98702603E+006
 -0.15189225E+002  0.96144374E+006 -0.96413959E+006  0.96453634E+006
 -0.15166176E+002  0.93947563E+006 -0.94216233E+006  0.94255907E+006
 -0.15143127E+002  0.91800828E+006 -0.92068584E+006  0.92108257E+006
 -0.15120078E+002  0.89703028E+006 -0.89969870E+006  0.90009541E+006
 -0.15097029E+002  0.87653048E+006 -0.87918975E+006  0.87958645E+006
 -0.15073980E+002  0.85649798E+006 -0.85914811E+006  0.85954480E+006
 -0.15050932E+002  0.83692213E+006 -0.83956312E+006  0.83995980E+006
 -0.15027883E+002  0.81779254E+006 -0.82042439E+006  0.82082105E+006
 -0.15004834E+002  0.79909902E+006 -0.80172173E+006  0.80211838E+006
 -0.14981785E+002  0.78083166E+006 -0.78344522E+006  0.78384186E+006
 -0.14958736E+002  0.76298072E+006 -0.76558515E+006  0.76598177E+006
 -0.14935687E+002  0.74553674E+006 -0.74813203E+006  0.74852863E+006
 -0.14912638E+002  0.72849043E+006 -0.73107658E+006  0.73147317E+006
 -0.14889589E+002  0.71183273E+006 -0.71440974E+006  0.71480631E+006
 -0.14866540E+002  0.69555479E+006 -0.69812266E+006  0.69851922E+006
 -0.14843491E+002  0.67964796E+006 -0.68220669E+006  0.68260323E+006
 -0.14820443E+002  0.66410378E+006 -0.66665337E+006  0.66704990E+006
 -0.14797394E+002  0.64891399E+006 -0.65145444E+006  0.65185095E+006
 -0.14774345E+002  0.63407050E+006 -0.63660182E+006  0.63699831E+006
 -0.14751296E+002  0.61956544E+006 -0.62208762E+006  0.62248410E+006
 -0.14728247E+002  0.60539109E+006 -0.60790414E+006  0.60830059E+006
 -0.14705198E+002  0.59153992E+006 -0.59404382E+006  0.59444026E+006
 -0.14682149E+002  0.57800455E+006 -0.58049932E+006  0.58089574E+006
 -0.14659100E+002  0.56477780E+006 -0.56726344E+006  0.56765984E+006
 -0.14636051E+002  0.55185264E+006 -0.55432914E+006  0.55472552E+006
 -0.14613002E+002  0.53922219E+006 -0.54168955E+006  0.54208591E+006
 -0.14589954E+002  0.52687973E+006 -0.52933796E+006  0.52973430E+006
 -0.14566905E+002  0.51481871E+006 -0.51726781E+006  0.51766412E+006
 -0.14543856E+002  0.50303271E+006 -0.50547268E+006  0.50586897E+006
 -0.14520807E+002  0.49151547E+006 -0.49394630E+006  0.49434257E+006
 -0.14497758E+002  0.48026085E+006 -0.48268256E+006  0.48307881E+006
 -0.14474709E+002  0.46926289E+006 -0.47167546E+006  0.47207169E+006
 -0.14451660E+002  0.45851573E+006 -0.46091916E+006  0.46131537E+006
 -0.14428611E+002  0.44801365E+006 -0.45040796E+006  0.45080414E+006
 -0.14405562E+002  0.43775107E+006 -0.44013625E+006  0.44053240E+006
 -0.14382513E+002  0.42772254E+006 -0.43009859E+006  0.43049472E+006
 -0.14359465E+002  0.41792271E+006 -0.42028964E+006  0.42068574E+006
 -0.14336416E+002  0.40834639E+006 -0.41070418E+006  0.41110026E+006
 -0.14313367E+002  0.39898848E+006 -0.40133714E+006  0.40173319E+006
 -0.14290318E+002  0.38984399E+006 -0.39218353E+006  0.39257955E+006
 -0.14267269E+002  0.38090808E+006 -0.38323849E+006  0.38363448E+006
 -0.14244220E+002  0.37217598E+006 -0.37449726E+006  0.37489323E+006
 -0.14221171E+002  0.36364305E+006 -0.36595521E+006  0.36635114E+006
 -0.14198122E+002  0.35530475E+006 -0.35760779E+006  0.35800369E+006
 -0.14175073E+002  0.34715665E+006 -0.34945057E+006  0.34984644E+006
 -0.14152024E+002  0.33919442E+006 -0.34147921E+006  0.34187505E+006
 -0.14128976E+002  0.33141382E+006 -0.33368949E+006  0.33408530E+006
 -0.14105927E+002  0.32381071E+006 -0.32607725E+006  0.32647303E+006
 -0.14082878E+002  0.31638104E+006 -0.31863847E+006  0.31903421E+006
 -0.14059829E+002  0.30912087E+006 -0.31136918E+006  0.31176489E+006
 -0.14036780E+002  0.30202634E+006 -0.30426552E+006  0.30466119E+006
 -0.14013731E+002  0.29509366E+006 -0.29732373E+006  0.29771936E+006
 -0.13990682E+002  0.28831915E+006 -0.29054010E+006  0.29093570E+006
 -0.13967633E+002  0.28169921E+006 -0.28391104E+006  0.28430661E+006
 -0.13944584E+002  0.27523032E+006 -0.27743303E+006  0.27782856E+006
 -0.13921535E+002  0.26890902E+006 -0.27110263E+006  0.27149811E+006
 -0.13898487E+002  0.26273197E+006 -0.26491646E+006  0.26531191E+006
 -0.13875438E+002  0.25669588E+006 -0.25887125E+006  0.25926665E+006
 -0.13852389E+002  0.25079752E+006 -0.25296378E+006  0.25335914E+006
 -0.13829340E+002  0.24503377E+006 -0.24719092E+006  0.24758624E+006
 -0.13806291E+002  0.23940155E+006 -0.24154960E+006  0.24194487E+006
 -0.13783242E+002  0.23389787E+006 -0.23603681E+006  0.23643203E+006
 -0.13760193E+002  0.22851981E+006 -0.23064964E+006  0.23104481E+006
 -0.13737144E+002  0.22326449E+006 -0.22538521E+006  0.22578034E+006
 -0.13714095E+002  0.21812912E+006 -0.22024074E+006  0.22063582E+006
 -0.13691046E+002  0.21311098E+006 -0.21521349E+006  0.21560852E+006
 -0.13667998E+002  0.20820738E+006 -0.21030078E+006  0.21069576E+006
 -0.13644949E+002  0.20341571E+006 -0.20550002E+006  0.20589495E+006
 -0.13621900E+002  0.19873344E+006 -0.20080864E+006  0.20120352E+006
 -0.13598851E+002  0.19415806E+006 -0.19622416E+006  0.19661898E+006
 -0.13575802E+002  0.18968713E+006 -0.19174414E+006  0.19213890E+006
 -0.13552753E+002  0.18531829E+006 -0.18736620E+006  0.18776090E+006
 -0.13529704E+002  0.18104920E+006 -0.18308801E+006  0.18348266E+006
 -0.13506655E+002  0.17687759E+006 -0.17890730E+006  0.17930189E+006
 -0.13483606E+002  0.17280123E+006 -0.17482186E+006  0.17521638E+006
 -0.13460558E+002  0.16881797E+006 -0.17082950E+006  0.17122397E+006
 -0.13437509E+002  0.16492567E+006 -0.16692811E+006  0.16732251E+006
 -0.13414460E+002  0.16112227E+006 -0.16311562E+006  0.16350995E+006
 -0.13391411E+002  0.15740573E+006 -0.15939000E+006  0.15978427E+006
 -0.13368362E+002  0.15377409E+006 -0.15574927E+006  0.15614347E+006
 -0.13345313E+002  0.15022540E+006 -0.15219149E+006  0.15258562E+006
 -0.13322264E+002  0.14675777E+006 -0.14871478E+006  0.14910884E+006
 -0.13299215E+002  0.14336936E+006 -0.14531729E+006  0.14571128E+006
 -0.13276166E+002  0.14005837E+006 -0.14199722E+006  0.14239113E+006
 -0.13253117E+002  0.13682302E+006 -0.13875280E+006  0.13914663E+006
 -0.13230069E+002  0.13366160E+006 -0.13558230E+006  0.13597606E+006
 -0.13207020E+002  0.13057242E+006 -0.13248405E+006  0.13287772E+006
 -0.13183971E+002  0.12755384E+006 -0.12945639E+006  0.12984998E+006
 -0.13160922E+002  0.12460424E+006 -0.12649772E+006  0.12689123E+006
 -0.13137873E+002  0.12172205E+006 -0.12360647E+006  0.12399989E+006
 -0.13114824E+002  0.11890574E+006 -0.12078109E+006  0.12117443E+006
 -0.13091775E+002  0.11615381E+006 -0.11802010E+006  0.11841334E+006
 -0.13068726E+002  0.11346479E+006 -0.11532202E+006  0.11571517E+006
 -0.13045677E+002  0.11083725E+006 -0.11268541E+006  0.11307847E+006
 -0.13022628E+002  0.10826978E+006 -0.11010889E+006  0.11050185E+006
 -0.12999580E+002  0.10576102E+006 -0.10759107E+006  0.10798394E+006
 -0.12976531E+002  0.10330963E+006 -0.10513063E+006  0.10552339E+006
 -0.12953482E+002  0.10091430E+006 -0.10272625E+006  0.10311891E+006
 -0.12930433E+002  0.98573755E+005 -0.10037665E+006  0.10076921E+006
 -0.12907384E+002  0.96286746E+005 -0.98080599E+005  0.98473047E+005
 -0.12884335E+002  0.94052053E+005 -0.95836863E+005  0.96229201E+005
 -0.12861286E+002  0.91868484E+005 -0.93644254E+005  0.94036479E+005
 -0.12838237E+002  0.89734875E+005 -0.91501606E+005  0.91893716E+005
 -0.12815188E+002  0.87650087E+005 -0.89407782E+005  0.89799774E+005
 -0.12792139E+002  0.85613007E+005 -0.87361669E+005  0.87753541E+005
 -0.12769091E+002  0.83622548E+005 -0.85362180E+005  0.85753929E+005
 -0.12746042E+002  0.81677648E+005 -0.83408253E+005  0.83799876E+005
 -0.12722993E+002  0.79777269E+005 -0.81498850E+005  0.81890344E+005
 -0.12699944E+002  0.77920396E+005 -0.79632956E+005  0.80024318E+005
 -0.12676895E+002  0.76106038E+005 -0.77809580E+005  0.78200807E+005
 -0.12653846E+002  0.74333226E+005 -0.76027753E+005  0.76418842E+005
 -0.12630797E+002  0.72601014E+005 -0.74286529E+005  0.74677477E+005
 -0.12607748E+002  0.70908476E+005 -0.72584982E+005  0.72975786E+005
 -0.12584699E+002  0.69254708E+005 -0.70922209E+005  0.71312866E+005
 -0.12561650E+002  0.67638827E+005 -0.69297326E+005  0.69687832E+005
 -0.12538602E+002  0.66059969E+005 -0.67709470E+005  0.68099822E+005
 -0.12515553E+002  0.64517291E+005 -0.66157798E+005  0.66547992E+005
 -0.12492504E+002  0.63009969E+005 -0.64641484E+005  0.65031517E+005
 -0.12469455E+002  0.61537196E+005 -0.63159724E+005  0.63549592E+005
 -0.12446406E+002  0.60098185E+005 -0.61711729E+005  0.62101430E+005
 -0.12423357E+002  0.58692167E+005 -0.60296732E+005  0.60686260E+005
 -0.12400308E+002  0.57318391E+005 -0.58913980E+005  0.59303332E+005
 -0.12377259E+002  0.55976120E+005 -0.57562738E+005  0.57951910E+005
 -0.12354210E+002  0.54664639E+005 -0.56242289E+005  0.56631276E+005
 -0.12331161E+002  0.53383243E+005 -0.54951931E+005  0.55340730E+005
 -0.12308113E+002  0.52131250E+005 -0.53690979E+005  0.54079585E+005
 -0.12285064E+002  0.50907987E+005 -0.52458762E+005  0.52847171E+005
 -0.12262015E+002  0.49712800E+005 -0.51254626E+005  0.51642834E+005
 -0.12238966E+002  0.48545050E+005 -0.50077931E+005  0.50465934E+005
 -0.12215917E+002  0.47404112E+005 -0.48928053E+005  0.49315845E+005
 -0.12192868E+002  0.46289374E+005 -0.47804379E+005  0.48191956E+005
 -0.12169819E+002  0.45200238E+005 -0.46706314E+005  0.47093671E+005
 -0.12146770E+002  0.44136123E+005 -0.45633274E+005  0.46020406E+005
 -0.12123721E+002  0.43096457E+005 -0.44584688E+005  0.44971590E+005
 -0.12100672E+002  0.42080683E+005 -0.43560000E+005  0.43946667E+005
 -0.12077624E+002  0.41088257E+005 -0.42558665E+005  0.42945092E+005
 -0.12054575E+002  0.40118647E+005 -0.41580151E+005  0.41966333E+005
 -0.12031526E+002  0.39171333E+005 -0.40623939E+005  0.41009870E+005
 -0.12008477E+002  0.38245806E+005 -0.39689520E+005  0.40075194E+005
 -0.11985428E+002  0.37341569E+005 -0.38776398E+005  0.39161810E+005
 -0.11962379E+002  0.36458139E+005 -0.37884088E+005  0.38269232E+005
 -0.11939330E+002  0.35595040E+005 -0.37012116E+005  0.37396986E+005
 -0.11916281E+002  0.34751809E+005 -0.36160018E+005  0.36544608E+005
 -0.11893232E+002  0.33927994E+005 -0.35327342E+005  0.35711646E+005
 -0.11870183E+002  0.33123151E+005 -0.34513645E+005  0.34897656E+005
 -0.11847135E+002  0.32336848E+005 -0.33718495E+005  0.34102208E+005
 -0.11824086E+002  0.31568663E+005 -0.32941470E+005  0.33324877E+005
 -0.11801037E+002  0.30818183E+005 -0.32182157E+005  0.32565252E+005
 -0.11777988E+002  0.30085003E+005 -0.31440152E+005  0.31822928E+005
 -0.11754939E+002  0.29368731E+005 -0.30715061E+005  0.31097511E+005
 -0.11731890E+002  0.28668980E+005 -0.30006499E+005  0.30388616E+005
 -0.11708841E+002  0.27985373E+005 -0.29314090E+005  0.29695866E+005
 -0.11685792E+002  0.27317543E+005 -0.28637465E+005  0.29018894E+005
 -0.11662743E+002  0.26665131E+005 -0.27976265E+005  0.28357339E+005
 -0.11639694E+002  0.26027783E+005 -0.27330139E+005  0.27710850E+005
 -0.11616646E+002  0.25405158E+005 -0.26698744E+005  0.27079083E+005
 -0.11593597E+002  0.24796919E+005 -0.26081743E+005  0.26461704E+005
 -0.11570548E+002  0.24202739E+005 -0.25478810E+005  0.25858384E+005
 -0.11547499E+002  0.23622297E+005 -0.24889624E+005  0.25268803E+005
 -0.11524450E+002  0.23055279E+005 -0.24313872E+005  0.24692646E+005
 -0.11501401E+002  0.22501380E+005 -0.23751247E+005  0.24129610E+005
 -0.11478352E+002  0.21960300E+005 -0.23201452E+005  0.23579393E+005
 -0.11455303E+002  0.21431748E+005 -0.22664194E+005  0.23041704E+005
 -0.11432254E+002  0.20915437E+005 -0.22139187E+005  0.22516258E+005
 -0.11409205E+002  0.20411088E+005 -0.21626153E+005  0.22002775E+005
 -0.11386157E+002  0.19918429E+005 -0.21124819E+005  0.21500982E+005
 -0.11363108E+002  0.19437192E+005 -0.20634918E+005  0.21010613E+005
 -0.11340059E+002  0.18967118E+005 -0.20156191E+005  0.20531408E+005
 -0.11317010E+002  0.18507952E+005 -0.19688382E+005  0.20063111E+005
 -0.11293961E+002  0.18059445E+005 -0.19231244E+005  0.19605475E+005
 -0.11270912E+002  0.17621354E+005 -0.18784534E+005  0.19158255E+005
 -0.11247863E+002  0.17193441E+005 -0.18348013E+005  0.18721216E+005
 -0.11224814E+002  0.16775475E+005 -0.17921451E+005  0.18294123E+005
 -0.11201765E+002  0.16367227E+005 -0.17504621E+005  0.17876751E+005
 -0.11178716E+002  0.15968477E+005 -0.17097300E+005  0.17468878E+005
 -0.11155668E+002  0.15579008E+005 -0.16699273E+005  0.17070286E+005
 -0.11132619E+002  0.15198608E+005 -0.16310329E+005  0.16680766E+005
 -0.11109570E+002  0.14827069E+005 -0.15930259E+005  0.16300109E+005
 -0.11086521E+002  0.14464191E+005 -0.15558864E+005  0.15928113E+005
 -0.11063472E+002  0.14109775E+005 -0.15195944E+005  0.15564581E+005
 -0.11040423E+002  0.13763628E+005 -0.14841308E+005  0.15209320E+005
 -0.11017374E+002  0.13425561E+005 -0.14494767E+005  0.14862142E+005
 -0.10994325E+002  0.13095390E+005 -0.14156136E+005  0.14522861E+005
 -0.10971276E+002  0.12772935E+005 -0.13825236E+005  0.14191297E+005
 -0.10948227E+002  0.12458019E+005 -0.13501891E+005  0.13867275E+005
 -0.10925179E+002  0.12150471E+005 -0.13185929E+005  0.13550623E+005
 -0.10902130E+002  0.11850121E+005 -0.12877183E+005  0.13241171E+005
 -0.10879081E+002  0.11556807E+005 -0.12575487E+005  0.12938757E+005
 -0.10856032E+002  0.11270366E+005 -0.12280682E+005  0.12643220E+005
 -0.10832983E+002  0.10990643E+005 -0.11992612E+005  0.12354402E+005
 -0.10809934E+002  0.10717483E+005 -0.11711122E+005  0.12072150E+005
 -0.10786885E+002  0.10450736E+005 -0.11436063E+005  0.11796314E+005
 -0.10763836E+002  0.10190257E+005 -0.11167290E+005  0.11526749E+005
 -0.10740787E+002  0.99359016E+004 -0.10904659E+005  0.11263310E+005
 -0.10717738E+002  0.96875301E+004 -0.10648031E+005  0.11005858E+005
 -0.10694690E+002  0.94450057E+004 -0.10397269E+005  0.10754257E+005
 -0.10671641E+002  0.92081948E+004 -0.10152240E+005  0.10508372E+005
 -0.10648592E+002  0.89769668E+004 -0.99128141E+004  0.10268074E+005
 -0.10625543E+002  0.87511939E+004 -0.96788634E+004  0.10033234E+005
 -0.10602494E+002  0.85307513E+004 -0.94502637E+004  0.98037290E+004
 -0.10579445E+002  0.83155173E+004 -0.92268936E+004  0.95794362E+004
 -0.10556396E+002  0.81053726E+004 -0.90086343E+004  0.93602367E+004
 -0.10533347E+002  0.79002007E+004 -0.87953697E+004  0.91460144E+004
 -0.10510298E+002  0.76998879E+004 -0.85869864E+004  0.89366556E+004
 -0.10487249E+002  0.75043229E+004 -0.83833737E+004  0.87320492E+004
 -0.10464201E+002  0.73133970E+004 -0.81844231E+004  0.85320868E+004
 -0.10441152E+002  0.71270040E+004 -0.79900290E+004  0.83366622E+004
 -0.10418103E+002  0.69450400E+004 -0.78000879E+004  0.81456719E+004
 -0.10395054E+002  0.67674037E+004 -0.76144988E+004  0.79590146E+004
 -0.10372005E+002  0.65939957E+004 -0.74331630E+004  0.77765914E+004
 -0.10348956E+002  0.64247193E+004 -0.72559839E+004  0.75983055E+004
 -0.10325907E+002  0.62594796E+004 -0.70828674E+004  0.74240624E+004
 -0.10302858E+002  0.60981842E+004 -0.69137212E+004  0.72537699E+004
 -0.10279809E+002  0.59407425E+004 -0.67484555E+004  0.70873377E+004
 -0.10256760E+002  0.57870661E+004 -0.65869822E+004  0.69246776E+004
 -0.10233712E+002  0.56370686E+004 -0.64292154E+004  0.67657035E+004
 -0.10210663E+002  0.54906656E+004 -0.62750711E+004  0.66103312E+004
 -0.10187614E+002  0.53477744E+004 -0.61244673E+004  0.64584785E+004
 -0.10164565E+002  0.52083145E+004 -0.59773237E+004  0.63100648E+004
 -0.10141516E+002  0.50722070E+004 -0.58335620E+004  0.61650118E+004
 -0.10118467E+002  0.49393747E+004 -0.56931056E+004  0.60232426E+004
 -0.10095418E+002  0.48097425E+004 -0.55558797E+004  0.58846823E+004
 -0.10072369E+002  0.46832367E+004 -0.54218112E+004  0.57492575E+004
 -0.10049320E+002  0.45597852E+004 -0.52908287E+004  0.56168967E+004
 -0.10026271E+002  0.44393179E+004 -0.51628623E+004  0.54875298E+004
 -0.10003223E+002  0.43217660E+004 -0.50378438E+004  0.53610886E+004
 -0.99801736E+001  0.42070623E+004 -0.49157066E+004  0.52375062E+004
 -0.99571247E+001  0.40951411E+004 -0.47963855E+004  0.51167174E+004
 -0.99340758E+001  0.39859383E+004 -0.46798169E+004  0.49986583E+004
 -0.99110269E+001  0.38793912E+004 -0.45659385E+004  0.48832667E+004
 -0.98879780E+001  0.37754384E+004 -0.44546897E+004  0.47704816E+004
 -0.98649291E+001  0.36740200E+004 -0.43460109E+004  0.46602437E+004
 -0.98418802E+001  0.35750775E+004 -0.42398442E+004  0.45524946E+004
 -0.98188313E+001  0.34785537E+004 -0.41361329E+004  0.44471778E+004
 -0.97957824E+001  0.33843925E+004 -0.40348216E+004  0.43442377E+004
 -0.97727335E+001  0.32925393E+004 -0.39358560E+004  0.42436200E+004
 -0.97496846E+001  0.32029406E+004 -0.38391833E+004  0.41452719E+004
 -0.97266357E+001  0.31155441E+004 -0.37447517E+004  0.40491416E+004
 -0.97035868E+001  0.30302989E+004 -0.36525108E+004  0.39551785E+004
 -0.96805379E+001  0.29471550E+004 -0.35624112E+004  0.38633332E+004
 -0.96574890E+001  0.28660635E+004 -0.34744045E+004  0.37735575E+004
 -0.96344401E+001  0.27869769E+004 -0.33884437E+004  0.36858044E+004
 -0.96113912E+001  0.27098484E+004 -0.33044826E+004  0.36000276E+004
 -0.95883423E+001  0.26346325E+004 -0.32224762E+004  0.35161823E+004
 -0.95652934E+001  0.25612846E+004 -0.31423806E+004  0.34342245E+004
 -0.95422445E+001  0.24897613E+004 -0.30641527E+004  0.33541112E+004
 -0.95191956E+001  0.24200199E+004 -0.29877504E+004  0.32758007E+004
 -0.94961467E+001  0.23520188E+004 -0.29131327E+004  0.31992518E+004
 -0.94730978E+001  0.22857175E+004 -0.28402595E+004  0.31244245E+004
 -0.94500489E+001  0.22210760E+004 -0.27690915E+004  0.30512799E+004
 -0.94270000E+001  0.21580556E+004 -0.26995904E+004  0.29797797E+004
 -0.94039511E+001  0.20966183E+004 -0.26317187E+004  0.29098866E+004
 -0.93809022E+001  0.20367270E+004 -0.25654399E+004  0.28415643E+004
 -0.93578533E+001  0.19783452E+004 -0.25007180E+004  0.27747771E+004
 -0.93348044E+001  0.19214377E+004 -0.24375181E+004  0.27094902E+004
 -0.93117555E+001  0.18659696E+004 -0.23758061E+004  0.26456699E+004
 -0.92887066E+001  0.18119071E+004 -0.23155485E+004  0.25832829E+004
 -0.92656577E+001  0.17592170E+004 -0.22567126E+004  0.25222968E+004
 -0.92426088E+001  0.17078669E+004 -0.21992666E+004  0.24626801E+004
 -0.92195599E+001  0.16578252E+004 -0.21431792E+004  0.24044018E+004
 -0.91965110E+001  0.16090609E+004 -0.20884199E+004  0.23474319E+004
 -0.91734621E+001  0.15615437E+004 -0.20349589E+004  0.22917409E+004
 -0.91504132E+001  0.15152440E+004 -0.19827671E+004  0.22373000E+004
 -0.91273643E+001  0.14701329E+004 -0.19318160E+004  0.21840811E+004
 -0.91043154E+001  0.14261822E+004 -0.18820777E+004  0.21320568E+004
 -0.90812665E+001  0.13833642E+004 -0.18335250E+004  0.20812005E+004
 -0.90582176E+001  0.13416518E+004 -0.17861313E+004  0.20314858E+004
 -0.90351687E+001  0.13010187E+004 -0.17398705E+004  0.19828872E+004
 -0.90121198E+001  0.12614391E+004 -0.16947173E+004  0.19353800E+004
 -0.89890709E+001  0.12228877E+004 -0.16506468E+004  0.18889396E+004
 -0.89660220E+001  0.11853398E+004 -0.16076346E+004  0.18435423E+004
 -0.89429731E+001  0.11487713E+004 -0.15656569E+004  0.17991650E+004
 -0.89199242E+001  0.11131587E+004 -0.15246907E+004  0.17557848E+004
 -0.88968753E+001  0.10784788E+004 -0.14847130E+004  0.17133798E+004
 -0.88738264E+001  0.10447093E+004 -0.14457016E+004  0.16719283E+004
 -0.88507775E+001  0.10118279E+004 -0.14076350E+004  0.16314092E+004
 -0.88277286E+001  0.97981329E+003 -0.13704917E+004  0.15918019E+004
 -0.88046797E+001  0.94864433E+003 -0.13342510E+004  0.15530863E+004
 -0.87816308E+001  0.91830048E+003 -0.12988926E+004  0.15152427E+004
 -0.87585819E+001  0.88876162E+003 -0.12643966E+004  0.14782519E+004
 -0.87355330E+001  0.86000810E+003 -0.12307436E+004  0.14420953E+004
 -0.87124841E+001  0.83202071E+003 -0.11979146E+004  0.14067545E+004
 -0.86894352E+001  0.80478068E+003 -0.11658909E+004  0.13722116E+004
 -0.86663863E+001  0.77826966E+003 -0.11346544E+004  0.13384493E+004
 -0.86433374E+001  0.75246970E+003 -0.11041873E+004  0.13054504E+004
 -0.86202885E+001  0.72736328E+003 -0.10744721E+004  0.12731984E+004
 -0.85972396E+001  0.70293326E+003 -0.10454919E+004  0.12416770E+004
 -0.85741907E+001  0.67916289E+003 -0.10172300E+004  0.12108704E+004
 -0.85511418E+001  0.65603580E+003 -0.98967007E+003  0.11807629E+004
 -0.85280929E+001  0.63353600E+003 -0.96279623E+003  0.11513396E+004
 -0.85050440E+001  0.61164786E+003 -0.93659286E+003  0.11225856E+004
 -0.84819951E+001  0.59035610E+003 -0.91104470E+003  0.10944865E+004
 -0.84589462E+001  0.56964578E+003 -0.88613683E+003  0.10670281E+004
 -0.84358973E+001  0.54950233E+003 -0.86185463E+003  0.10401968E+004
 -0.84128484E+001  0.52991148E+003 -0.83818382E+003  0.10139789E+004
 -0.83897995E+001  0.51085931E+003 -0.81511040E+003  0.98836147E+003
 -0.83667506E+001  0.49233220E+003 -0.79262070E+003  0.96333152E+003
 -0.83437017E+001  0.47431686E+003 -0.77070132E+003  0.93887653E+003
 -0.83206528E+001  0.45680029E+003 -0.74933915E+003  0.91498423E+003
 -0.82976039E+001  0.43976979E+003 -0.72852136E+003  0.89164262E+003
 -0.82745550E+001  0.42321297E+003 -0.70823541E+003  0.86883998E+003
 -0.82515061E+001  0.40711771E+003 -0.68846901E+003  0.84656486E+003
 -0.82284572E+001  0.39147216E+003 -0.66921013E+003  0.82480605E+003
 -0.82054083E+001  0.37626478E+003 -0.65044701E+003  0.80355261E+003
 -0.81823594E+001  0.36148427E+003 -0.63216813E+003  0.78279383E+003
 -0.81593105E+001  0.34711959E+003 -0.61436222E+003  0.76251927E+003
 -0.81362616E+001  0.33315997E+003 -0.59701824E+003  0.74271868E+003
 -0.81132127E+001  0.31959489E+003 -0.58012540E+003  0.72338208E+003
 -0.80901638E+001  0.30641408E+003 -0.56367312E+003  0.70449969E+003
 -0.80671149E+001  0.29360750E+003 -0.54765105E+003  0.68606196E+003
 -0.80440660E+001  0.28116534E+003 -0.53204908E+003  0.66805955E+003
 -0.80210171E+001  0.26907805E+003 -0.51685728E+003  0.65048333E+003
 -0.79979682E+001  0.25733628E+003 -0.50206595E+003  0.63332437E+003
 -0.79749193E+001  0.24593091E+003 -0.48766560E+003  0.61657397E+003
 -0.79518704E+001  0.23485304E+003 -0.47364692E+003  0.60022362E+003
 -0.79288215E+001  0.22409397E+003 -0.46000083E+003  0.58426500E+003
 -0.79057726E+001  0.21364522E+003 -0.44671841E+003  0.56869001E+003
 -0.78827237E+001  0.20349850E+003 -0.43379094E+003  0.55349074E+003
 -0.78596748E+001  0.19364575E+003 -0.42120989E+003  0.53865952E+003
 -0.78366259E+001  0.18407906E+003 -0.40896692E+003  0.52418885E+003
 -0.78135770E+001  0.17479073E+003 -0.39705384E+003  0.51007151E+003
 -0.77905281E+001  0.16577327E+003 -0.38546266E+003  0.49630048E+003
 -0.77674792E+001  0.15701934E+003 -0.37418553E+003  0.48286906E+003
 -0.77444303E+001  0.14852178E+003 -0.36321481E+003  0.46977086E+003
 -0.77213814E+001  0.14027363E+003 -0.35254297E+003  0.45699989E+003
 -0.76983325E+001  0.13226808E+003 -0.34216266E+003  0.44455070E+003
 -0.76752836E+001  0.12449850E+003 -0.33206668E+003  0.43241862E+003
 -0.76522347E+001  0.11695841E+003 -0.32224794E+003  0.42060017E+003
 -0.76291858E+001  0.10964149E+003 -0.31269946E+003  0.40909370E+003
 -0.76061369E+001  0.10254162E+003 -0.30341432E+003  0.39790138E+003
 -0.75830880E+001  0.95652783E+002 -0.29438555E+003  0.38703027E+003
 -0.75600391E+001  0.88969165E+002 -0.28560594E+003  0.37650374E+003
 -0.75369902E+001  0.82485108E+002 -0.27706776E+003  0.36635483E+003
 -0.75139413E+001  0.76195151E+002 -0.26876155E+003  0.35670937E+003
 -0.74908924E+001  0.70094077E+002 -0.26067571E+003  0.34765354E+003
 -0.74678435E+001  0.64177018E+002 -0.25278910E+003  0.33991690E+003
 -0.74447946E+001  0.58439702E+002 -0.24507430E+003  0.33340112E+003
 -0.74217457E+001  0.52878921E+002 -0.23744818E+003  0.33274280E+003
 -0.73986968E+001  0.47493826E+002 -0.22982024E+003  0.33451971E+003
 -0.73756479E+001  0.42287815E+002 -0.22179404E+003  0.36613760E+003
 -0.73525990E+001  0.37276028E+002 -0.21293082E+003  0.40716316E+003
 -0.73295501E+001  0.32483089E+002 -0.20266376E+003  0.48474347E+003
 -0.73065012E+001  0.27951341E+002 -0.19012773E+003  0.59857925E+003
 -0.72834523E+001  0.23737068E+002 -0.17519772E+003  0.69115130E+003
 -0.72604034E+001  0.19889745E+002 -0.15837293E+003  0.76135573E+003
 -0.72373545E+001  0.16445436E+002 -0.14037423E+003  0.79338493E+003
 -0.72143056E+001  0.13421139E+002 -0.12206701E+003  0.78914939E+003
 -0.71912567E+001  0.10814739E+002 -0.10423159E+003  0.75392739E+003
 -0.71682078E+001  0.86078970E+001 -0.87482216E+002  0.69637570E+003
 -0.71451589E+001  0.67704278E+001 -0.72233435E+002  0.62499401E+003
 -0.71221100E+001  0.52647493E+001 -0.58717161E+002  0.54706025E+003
 -0.70990611E+001  0.40497186E+001 -0.47016857E+002  0.46818946E+003
 -0.70760122E+001  0.30836196E+001 -0.37104756E+002  0.39244906E+003
 -0.70529633E+001  0.23263359E+001 -0.28874856E+002  0.32259196E+003
 -0.70299144E+001  0.17408263E+001 -0.22170487E+002  0.26029104E+003
 -0.70068655E+001  0.12940234E+001 -0.16806861E+002  0.20634248E+003
 -0.69838166E+001  0.95726520E+000 -0.12589147E+002  0.16085198E+003
 -0.69607677E+001  0.70635924E+000 -0.93263215E+001  0.12341425E+003
 -0.69377188E+001  0.52137433E+000 -0.68409469E+001  0.93283632E+002
 -0.69146699E+001  0.38625130E+000 -0.49751997E+001  0.69526174E+002
 -0.68916210E+001  0.28831295E+000 -0.35936893E+001  0.51143625E+002
 -0.68685721E+001  0.21773909E+000 -0.25837966E+001  0.37164598E+002
 -0.68455232E+001  0.16705483E+000 -0.18543028E+001  0.26703813E+002
 -0.68224743E+001  0.13066336E+000 -0.13330137E+001  0.18993848E+002
 -0.67994254E+001  0.10443933E+000 -0.96394898E+000  0.13395074E+002
 -0.67763765E+001  0.85388111E-001 -0.70450372E+000  0.93897994E+001
 -0.67533277E+001  0.71368300E-001 -0.52283246E+000  0.65672043E+001
 -0.67302788E+001  0.60870754E-001 -0.39557289E+000  0.46057421E+001
 -0.67072299E+001  0.52845845E-001 -0.30592909E+000  0.32576375E+001
 -0.66841810E+001  0.46571015E-001 -0.24208051E+000  0.23365160E+001
 -0.66611321E+001  0.41551636E-001 -0.19587557E+000  0.17067171E+001
 -0.66380832E+001  0.37448977E-001 -0.16178387E+000  0.12729465E+001
 -0.66150343E+001  0.34029523E-001 -0.13609000E+000  0.97031542E+000
 -0.65919854E+001  0.31130322E-001 -0.11630339E+000  0.75559635E+000
 -0.65689365E+001  0.28635808E-001 -0.10074648E+000  0.60031956E+000
 -0.65458876E+001  0.26462479E-001 -0.88277337E-001  0.48577187E+000
 -0.65228387E+001  0.24548800E-001 -0.78107371E-001  0.39958727E+000
 -0.64997898E+001  0.22848523E-001 -0.69682780E-001  0.33350775E+000
 -0.64767409E+001  0.21326230E-001 -0.62607623E-001  0.28194172E+000
 -0.64536920E+001  0.19954311E-001 -0.56593656E-001  0.24104324E+000
 -0.64306431E+001  0.18710886E-001 -0.51427291E-001  0.20812267E+000
 -0.64075942E+001  0.17578358E-001 -0.46947557E-001  0.18126721E+000
 -0.63845453E+001  0.16542384E-001 -0.43031197E-001  0.15909390E+000
 -0.63614964E+001  0.15591126E-001 -0.39582419E-001  0.14058676E+000
 -0.63384475E+001  0.14714712E-001 -0.36525752E-001  0.12498804E+000
 -0.63153986E+001  0.13904822E-001 -0.33800984E-001  0.11172444E+000
 -0.62923497E+001  0.13154386E-001 -0.31359519E-001  0.10035633E+000
 -0.62693008E+001  0.12457346E-001 -0.29161720E-001  0.90542382E-001
 -0.62462519E+001  0.11808475E-001 -0.27174946E-001  0.82014482E-001
 -0.62232030E+001  0.11203229E-001 -0.25372077E-001  0.74559771E-001
 -0.62001541E+001  0.10637640E-001 -0.23730397E-001  0.68007562E-001
 -0.61771052E+001  0.10108220E-001 -0.22230738E-001  0.62219722E-001
 -0.61540563E+001  0.96118865E-002 -0.20856816E-001  0.57083499E-001
 -0.61310074E+001  0.91459076E-002 -0.19594705E-001  0.52506155E-001
 -0.61079585E+001  0.87078470E-002 -0.18432432E-001  0.48410845E-001
 -0.60849096E+001  0.82955258E-002 -0.17359643E-001  0.44733442E-001
 -0.60618607E+001  0.79069876E-002 -0.16367339E-001  0.41420115E-001
 -0.60388118E+001  0.75404697E-002 -0.15447665E-001  0.38425401E-001
 -0.60157629E+001  0.71943793E-002 -0.14593731E-001  0.35710690E-001
 -0.59927140E+001  0.68672725E-002 -0.13799472E-001  0.33243024E-001
 -0.59696651E+001  0.65578369E-002 -0.13059526E-001  0.30994134E-001
 -0.59466162E+001  0.62648765E-002 -0.12369136E-001  0.28939663E-001
 -0.59235673E+001  0.59872988E-002 -0.11724070E-001  0.27058528E-001
 -0.59005184E+001  0.57241036E-002 -0.11120547E-001  0.25332413E-001
 -0.58774695E+001  0.54743730E-002 -0.10555181E-001  0.23745349E-001
 -0.58544206E+001  0.52372632E-002 -0.10024933E-001  0.22283345E-001
 -0.58313717E+001  0.50119969E-002 -0.95270625E-002  0.20934118E-001
 -0.58083228E+001  0.47978569E-002 -0.90590985E-002  0.19686849E-001
 -0.57852739E+001  0.45941799E-002 -0.86188026E-002  0.18531962E-001
 -0.57622250E+001  0.44003521E-002 -0.82041451E-002  0.17460978E-001
 -0.57391761E+001  0.42158041E-002 -0.78132804E-002  0.16466352E-001
 -0.57161272E+001  0.40400072E-002 -0.74445274E-002  0.15541362E-001
 -0.56930783E+001  0.38724697E-002 -0.70963512E-002  0.14679999E-001
 -0.56700294E+001  0.37127338E-002 -0.67673485E-002  0.13876881E-001
 -0.56469805E+001  0.35603724E-002 -0.64562333E-002  0.13127173E-001
 -0.56239316E+001  0.34149873E-002 -0.61618255E-002  0.12426523E-001
 -0.56008827E+001  0.32762058E-002 -0.58830402E-002  0.11771009E-001
 -0.55778338E+001  0.31436797E-002 -0.56188785E-002  0.11157086E-001
 -0.55547849E+001  0.30170826E-002 -0.53684195E-002  0.10581540E-001
 -0.55317360E+001  0.28961087E-002 -0.51308125E-002  0.10041461E-001
 -0.55086871E+001  0.27804708E-002 -0.49052711E-002  0.95342003E-002
 -0.54856382E+001  0.26698994E-002 -0.46910670E-002  0.90573464E-002
 -0.54625893E+001  0.25641410E-002 -0.44875251E-002  0.86087015E-002
 -0.54395404E+001  0.24629573E-002 -0.42940185E-002  0.81862588E-002
 -0.54164915E+001  0.23661236E-002 -0.41099648E-002  0.77881805E-002
 -0.53934426E+001  0.22734285E-002 -0.39348222E-002  0.74127837E-002
 -0.53703937E+001  0.21846724E-002 -0.37680857E-002  0.70585238E-002
 -0.53473448E+001  0.20996670E-002 -0.36092849E-002  0.67239820E-002
 -0.53242959E+001  0.20182347E-002 -0.34579805E-002  0.64078527E-002
 -0.53012470E+001  0.19402073E-002 -0.33137621E-002  0.61089334E-002
 -0.52781981E+001  0.18654261E-002 -0.31762460E-002  0.58261148E-002
 -0.52551492E+001  0.17937406E-002 -0.30450730E-002  0.55583723E-002
 -0.52321003E+001  0.17250088E-002 -0.29199066E-002  0.53047590E-002
 -0.52090514E+001  0.16590956E-002 -0.28004316E-002  0.50643968E-002
 -0.51860025E+001  0.15958736E-002 -0.26863518E-002  0.48364753E-002
 -0.51629536E+001  0.15352214E-002 -0.25773894E-002  0.46202399E-002
 -0.51399047E+001  0.14770243E-002 -0.24732832E-002  0.44149896E-002
 -0.51168558E+001  0.14211731E-002 -0.23737874E-002  0.42200758E-002
 -0.50938069E+001  0.13675643E-002 -0.22786711E-002  0.40348918E-002
 -0.50707580E+001  0.13160994E-002 -0.21877163E-002  0.38588747E-002
 -0.50477091E+001  0.12666850E-002 -0.21007181E-002  0.36914997E-002
 -0.50246602E+001  0.12192320E-002 -0.20174828E-002  0.35322754E-002
 -0.50016113E+001  0.11736559E-002 -0.19378280E-002  0.33807456E-002
 -0.49785624E+001  0.11298762E-002 -0.18615813E-002  0.32364817E-002
 -0.49555135E+001  0.10878162E-002 -0.17885799E-002  0.30990839E-002
 -0.49324646E+001  0.10474029E-002 -0.17186699E-002  0.29681784E-002
 -0.49094157E+001  0.10085667E-002 -0.16517057E-002  0.28434140E-002
 -0.48863668E+001  0.97124130E-003 -0.15875496E-002  0.27244626E-002
 -0.48633179E+001  0.93536356E-003 -0.15260712E-002  0.26110156E-002
 -0.48402690E+001  0.90087316E-003 -0.14671470E-002  0.25027837E-002
 -0.48172201E+001  0.86771259E-003 -0.14106600E-002  0.23994953E-002
 -0.47941712E+001  0.83582696E-003 -0.13564992E-002  0.23008945E-002
 -0.47711223E+001  0.80516390E-003 -0.13045593E-002  0.22067416E-002
 -0.47480734E+001  0.77567335E-003 -0.12547405E-002  0.21168101E-002
 -0.47250245E+001  0.74730755E-003 -0.12069479E-002  0.20308870E-002
 -0.47019756E+001  0.72002084E-003 -0.11610916E-002  0.19487722E-002
 -0.46789267E+001  0.69376957E-003 -0.11170858E-002  0.18702759E-002
 -0.46558778E+001  0.66851205E-003 -0.10748493E-002  0.17952205E-002
 -0.46328289E+001  0.64420838E-003 -0.10343047E-002  0.17234368E-002
 -0.46097800E+001  0.62082044E-003 -0.99537854E-003  0.16547663E-002
 -0.45867311E+001  0.59831173E-003 -0.95800071E-003  0.15890589E-002
 -0.45636822E+001  0.57664733E-003 -0.92210459E-003  0.15261721E-002
 -0.45406333E+001  0.55579384E-003 -0.88762674E-003  0.14659722E-002
 -0.45175844E+001  0.53571926E-003 -0.85450670E-003  0.14083319E-002
 -0.44945355E+001  0.51639297E-003 -0.82268688E-003  0.13531308E-002
 -0.44714866E+001  0.49778564E-003 -0.79211237E-003  0.13002553E-002
 -0.44484377E+001  0.47986917E-003 -0.76273082E-003  0.12495975E-002
 -0.44253888E+001  0.46261665E-003 -0.73449232E-003  0.12010549E-002
 -0.44023399E+001  0.44600228E-003 -0.70734924E-003  0.11545307E-002
 -0.43792910E+001  0.43000134E-003 -0.68125611E-003  0.11099331E-002
 -0.43562421E+001  0.41459013E-003 -0.65616956E-003  0.10671745E-002
 -0.43331932E+001  0.39974595E-003 -0.63204815E-003  0.10261720E-002
 -0.43101443E+001  0.38544699E-003 -0.60885233E-003  0.98684724E-003
 -0.42870954E+001  0.37167238E-003 -0.58654429E-003  0.94912533E-003
 -0.42640465E+001  0.35840205E-003 -0.56508792E-003  0.91293504E-003
 -0.42409976E+001  0.34561679E-003 -0.54444870E-003  0.87820887E-003
 -0.42179487E+001  0.33329814E-003 -0.52459362E-003  0.84488272E-003
 -0.41948998E+001  0.32142839E-003 -0.50549114E-003  0.81289545E-003
 -0.41718509E+001  0.30999056E-003 -0.48711106E-003  0.78218870E-003
 -0.41488020E+001  0.29896832E-003 -0.46942451E-003  0.75270713E-003
 -0.41257531E+001  0.28834601E-003 -0.45240387E-003  0.72439816E-003
 -0.41027042E+001  0.27810858E-003 -0.43602270E-003  0.69721149E-003
 -0.40796553E+001  0.26824160E-003 -0.42025568E-003  0.67109924E-003
 -0.40566064E+001  0.25873119E-003 -0.40507857E-003  0.64601569E-003
 -0.40335575E+001  0.24956402E-003 -0.39046818E-003  0.62191742E-003
 -0.40105086E+001  0.24072728E-003 -0.37640228E-003  0.59876300E-003
 -0.39874597E+001  0.23220868E-003 -0.36285956E-003  0.57651281E-003
 -0.39644108E+001  0.22399639E-003 -0.34981963E-003  0.55512914E-003
 -0.39413619E+001  0.21607905E-003 -0.33726294E-003  0.53457584E-003
 -0.39183130E+001  0.20844574E-003 -0.32517074E-003  0.51481854E-003
 -0.38952641E+001  0.20108597E-003 -0.31352506E-003  0.49582446E-003
 -0.38722152E+001  0.19398963E-003 -0.30230869E-003  0.47756220E-003
 -0.38491663E+001  0.18714703E-003 -0.29150510E-003  0.46000178E-003
 -0.38261174E+001  0.18054884E-003 -0.28109844E-003  0.44311456E-003
 -0.38030685E+001  0.17418608E-003 -0.27107352E-003  0.42687310E-003
 -0.37800196E+001  0.16805012E-003 -0.26141577E-003  0.41125126E-003
 -0.37569707E+001  0.16213267E-003 -0.25211117E-003  0.39622405E-003
 -0.37339218E+001  0.15642574E-003 -0.24314632E-003  0.38176752E-003
 -0.37108729E+001  0.15092165E-003 -0.23450832E-003  0.36785878E-003
 -0.36878240E+001  0.14561301E-003 -0.22618480E-003  0.35447591E-003
 -0.36647751E+001  0.14049271E-003 -0.21816388E-003  0.34159796E-003
 -0.36417262E+001  0.13555390E-003 -0.21043416E-003  0.32920481E-003
 -0.36186773E+001  0.13079000E-003 -0.20298469E-003  0.31727727E-003
 -0.35956284E+001  0.12619468E-003 -0.19580495E-003  0.30579699E-003
 -0.35725795E+001  0.12176183E-003 -0.18888482E-003  0.29474632E-003
 -0.35495306E+001  0.11748558E-003 -0.18221462E-003  0.28410841E-003
 -0.35264817E+001  0.11336029E-003 -0.17578501E-003  0.27386705E-003
 -0.35034328E+001  0.10938050E-003 -0.16958703E-003  0.26400684E-003
 -0.34803839E+001  0.10554098E-003 -0.16361207E-003  0.25451285E-003
 -0.34573350E+001  0.10183669E-003 -0.15785185E-003  0.24537081E-003
 -0.34342861E+001  0.98262773E-004 -0.15229842E-003  0.23656718E-003
 -0.34112372E+001  0.94814543E-004 -0.14694413E-003  0.22808883E-003
 -0.33881883E+001  0.91487499E-004 -0.14178163E-003  0.21992324E-003
 -0.33651394E+001  0.88277303E-004 -0.13680385E-003  0.21205838E-003
 -0.33420905E+001  0.85179776E-004 -0.13200399E-003  0.20448271E-003
 -0.33190416E+001  0.82190893E-004 -0.12737551E-003  0.19718515E-003
 -0.32959927E+001  0.79306777E-004 -0.12291214E-003  0.19015509E-003
 -0.32729438E+001  0.76523692E-004 -0.11860781E-003  0.18338232E-003
 -0.32498949E+001  0.73838040E-004 -0.11445672E-003  0.17685707E-003
 -0.32268460E+001  0.71246355E-004 -0.11045327E-003  0.17056996E-003
 -0.32037971E+001  0.68745295E-004 -0.10659207E-003  0.16451196E-003
 -0.31807482E+001  0.66331642E-004 -0.10286795E-003  0.15867444E-003
 -0.31576993E+001  0.64002294E-004 -0.99275907E-004  0.15304906E-003
 -0.31346504E+001  0.61754263E-004 -0.95811160E-004  0.14762787E-003
 -0.31116015E+001  0.59584668E-004 -0.92469087E-004  0.14240318E-003
 -0.30885526E+001  0.57490733E-004 -0.89245243E-004  0.13736763E-003
 -0.30655037E+001  0.55469783E-004 -0.86135352E-004  0.13251416E-003
 -0.30424548E+001  0.53519239E-004 -0.83135295E-004  0.12783596E-003
 -0.30194059E+001  0.51636615E-004 -0.80241109E-004  0.12332650E-003
 -0.29963570E+001  0.49819516E-004 -0.77448976E-004  0.11897951E-003
 -0.29733081E+001  0.48065632E-004 -0.74755223E-004  0.11478896E-003
 -0.29502592E+001  0.46372736E-004 -0.72156310E-004  0.11074904E-003
 -0.29272103E+001  0.44738683E-004 -0.69648831E-004  0.10685418E-003
 -0.29041614E+001  0.43161401E-004 -0.67229505E-004  0.10309903E-003
 -0.28811125E+001  0.41638897E-004 -0.64895169E-004  0.99478435E-004
 -0.28580636E+001  0.40169247E-004 -0.62642782E-004  0.95987442E-004
 -0.28350147E+001  0.38750596E-004 -0.60469411E-004  0.92621287E-004
 -0.28119658E+001  0.37381155E-004 -0.58372231E-004  0.89375388E-004
 -0.27889169E+001  0.36059200E-004 -0.56348523E-004  0.86245339E-004
 -0.27658680E+001  0.34783068E-004 -0.54395664E-004  0.83226902E-004
 -0.27428191E+001  0.33551155E-004 -0.52511130E-004  0.80315998E-004
 -0.27197702E+001  0.32361914E-004 -0.50692488E-004  0.77508704E-004
 -0.26967213E+001  0.31213854E-004 -0.48937393E-004  0.74801248E-004
 -0.26736724E+001  0.30105537E-004 -0.47243587E-004  0.72189995E-004
 -0.26506235E+001  0.29035575E-004 -0.45608892E-004  0.69671455E-004
 -0.26275746E+001  0.28002630E-004 -0.44031210E-004  0.67242256E-004
 -0.26045257E+001  0.27005410E-004 -0.42508521E-004  0.64899181E-004
 -0.25814768E+001  0.26042673E-004 -0.41038874E-004  0.62639097E-004
 -0.25584279E+001  0.25113216E-004 -0.39620393E-004  0.60458995E-004
 -0.25353790E+001  0.24215881E-004 -0.38251266E-004  0.58356008E-004
 -0.25123301E+001  0.23349551E-004 -0.36929749E-004  0.56327350E-004
 -0.24892812E+001  0.22513148E-004 -0.35654160E-004  0.54370347E-004
 -0.24662323E+001  0.21705632E-004 -0.34422877E-004  0.52482423E-004
 -0.24431834E+001  0.20926000E-004 -0.33234335E-004  0.50661098E-004
 -0.24201345E+001  0.20173285E-004 -0.32087029E-004  0.48903982E-004
 -0.23970856E+001  0.19446553E-004 -0.30979505E-004  0.47208775E-004
 -0.23740367E+001  0.18744903E-004 -0.29910362E-004  0.45573263E-004
 -0.23509878E+001  0.18067467E-004 -0.28878247E-004  0.43995312E-004
 -0.23279389E+001  0.17413405E-004 -0.27881859E-004  0.42472867E-004
 -0.23048900E+001  0.16781910E-004 -0.26919942E-004  0.41003948E-004
 -0.22818411E+001  0.16172200E-004 -0.25991283E-004  0.39586649E-004
 -0.22587922E+001  0.15583522E-004 -0.25094713E-004  0.38219134E-004
 -0.22357433E+001  0.15015151E-004 -0.24229107E-004  0.36899632E-004
 -0.22126944E+001  0.14466384E-004 -0.23393377E-004  0.35626440E-004
 -0.21896455E+001  0.13936546E-004 -0.22586475E-004  0.34397915E-004
 -0.21665966E+001  0.13424984E-004 -0.21807390E-004  0.33212473E-004
 -0.21435477E+001  0.12931067E-004 -0.21055146E-004  0.32068594E-004
 -0.21204988E+001  0.12454189E-004 -0.20328802E-004  0.30964805E-004
 -0.20974499E+001  0.11993762E-004 -0.19627451E-004  0.29899686E-004
 -0.20744010E+001  0.11549221E-004 -0.18950217E-004  0.28871878E-004
 -0.20513521E+001  0.11120020E-004 -0.18296256E-004  0.27880064E-004
 -0.20283032E+001  0.10705632E-004 -0.17664753E-004  0.26922978E-004
 -0.20052543E+001  0.10305547E-004 -0.17054921E-004  0.25999397E-004
 -0.19822054E+001  0.99192766E-005 -0.16466001E-004  0.25108143E-004
 -0.19591565E+001  0.95463458E-005 -0.15897263E-004  0.24248084E-004
 -0.19361076E+001  0.91862981E-005 -0.15347999E-004  0.23418121E-004
 -0.19130587E+001  0.88386925E-005 -0.14817528E-004  0.22617206E-004
 -0.18900098E+001  0.85031034E-005 -0.14305192E-004  0.21844318E-004
 -0.18669609E+001  0.81791202E-005 -0.13810357E-004  0.21098472E-004
 -0.18439120E+001  0.78663466E-005 -0.13332410E-004  0.20378730E-004
 -0.18208631E+001  0.75644002E-005 -0.12870761E-004  0.19684177E-004
 -0.17978142E+001  0.72729120E-005 -0.12424838E-004  0.19013935E-004
 -0.17747653E+001  0.69915259E-005 -0.11994092E-004  0.18367156E-004
 -0.17517164E+001  0.67198982E-005 -0.11577991E-004  0.17743023E-004
 -0.17286675E+001  0.64576974E-005 -0.11176022E-004  0.17140748E-004
 -0.17056186E+001  0.62046034E-005 -0.10787690E-004  0.16559569E-004
 -0.16825697E+001  0.59603075E-005 -0.10412518E-004  0.15998753E-004
 -0.16595208E+001  0.57245117E-005 -0.10050044E-004  0.15457592E-004
 -0.16364719E+001  0.54969284E-005 -0.96998239E-005  0.14935404E-004
 -0.16134230E+001  0.52772803E-005 -0.93614269E-005  0.14431528E-004
 -0.15903741E+001  0.50652996E-005 -0.90344388E-005  0.13945329E-004
 -0.15673252E+001  0.48607280E-005 -0.87184593E-005  0.13476193E-004
 -0.15442763E+001  0.46633162E-005 -0.84131019E-005  0.13023527E-004
 -0.15212274E+001  0.44728237E-005 -0.81179938E-005  0.12586757E-004
 -0.14981785E+001  0.42890186E-005 -0.78327748E-005  0.12165332E-004
 -0.14751296E+001  0.41116768E-005 -0.75570976E-005  0.11758717E-004
 -0.14520807E+001  0.39405823E-005 -0.72906268E-005  0.11366395E-004
 -0.14290318E+001  0.37755267E-005 -0.70330386E-005  0.10987868E-004
 -0.14059829E+001  0.36163088E-005 -0.67840208E-005  0.10622654E-004
 -0.13829340E+001  0.34627347E-005 -0.65432719E-005  0.10270284E-004
 -0.13598851E+001  0.33146171E-005 -0.63105011E-005  0.99303087E-005
 -0.13368362E+001  0.31717753E-005 -0.60854278E-005  0.96022897E-005
 -0.13137873E+001  0.30340352E-005 -0.58677813E-005  0.92858039E-005
 -0.12907384E+001  0.29012285E-005 -0.56573006E-005  0.89804410E-005
 -0.12676895E+001  0.27731930E-005 -0.54537339E-005  0.86858035E-005
 -0.12446406E+001  0.26497721E-005 -0.52568384E-005  0.84015054E-005
 -0.12215917E+001  0.25308148E-005 -0.50663803E-005  0.81271725E-005
 -0.11985428E+001  0.24161754E-005 -0.48821340E-005  0.78624411E-005
 -0.11754939E+001  0.23057131E-005 -0.47038823E-005  0.76069580E-005
 -0.11524450E+001  0.21992923E-005 -0.45314160E-005  0.73603796E-005
 -0.11293961E+001  0.20967819E-005 -0.43645339E-005  0.71223716E-005
 -0.11063472E+001  0.19980555E-005 -0.42030421E-005  0.68926087E-005
 -0.10832983E+001  0.19029909E-005 -0.40467544E-005  0.66707737E-005
 -0.10602494E+001  0.18114704E-005 -0.38954915E-005  0.64565576E-005
 -0.10372005E+001  0.17233801E-005 -0.37490813E-005  0.62496589E-005
 -0.10141516E+001  0.16386100E-005 -0.36073588E-005  0.60497836E-005
 -0.99110269E+000  0.15570540E-005 -0.34701652E-005  0.58566446E-005
 -0.96805379E+000  0.14786094E-005 -0.33373487E-005  0.56699616E-005
 -0.94500489E+000  0.14031770E-005 -0.32087636E-005  0.54894610E-005
 -0.92195599E+000  0.13306610E-005 -0.30842706E-005  0.53148756E-005
 -0.89890709E+000  0.12609685E-005 -0.29637363E-005  0.51459448E-005
 -0.87585819E+000  0.11940098E-005 -0.28470336E-005  0.49824143E-005
 -0.85280929E+000  0.11296980E-005 -0.27340407E-005  0.48240364E-005
 -0.82976039E+000  0.10679490E-005 -0.26246419E-005  0.46705702E-005
 -0.80671149E+000  0.10086811E-005 -0.25187267E-005  0.45217813E-005
 -0.78366259E+000  0.95181525E-006 -0.24161899E-005  0.43774428E-005
 -0.76061369E+000  0.89727483E-006 -0.23169318E-005  0.42373350E-005
 -0.73756479E+000  0.84498533E-006 -0.22208572E-005  0.41012461E-005
 -0.71451589E+000  0.79487442E-006 -0.21278761E-005  0.39689728E-005
 -0.69146699E+000  0.74687180E-006 -0.20379030E-005  0.38403203E-005
 -0.66841810E+000  0.70090909E-006 -0.19508566E-005  0.37151034E-005
 -0.64536920E+000  0.65691970E-006 -0.18666601E-005  0.35931468E-005
 -0.62232030E+000  0.61483882E-006 -0.17852404E-005  0.34742854E-005
 -0.59927140E+000  0.57460324E-006 -0.17065282E-005  0.33583656E-005
 -0.57622250E+000  0.53615132E-006 -0.16304576E-005  0.32452453E-005
 -0.55317360E+000  0.49942290E-006 -0.15569661E-005  0.31347945E-005
 -0.53012470E+000  0.46435923E-006 -0.14859939E-005  0.30268960E-005
 -0.50707580E+000  0.43090291E-006 -0.14174839E-005  0.29214460E-005
 -0.48402690E+000  0.39899783E-006 -0.13513814E-005  0.28183543E-005
 -0.46097800E+000  0.36858909E-006 -0.12876336E-005  0.27175449E-005
 -0.43792910E+000  0.33962302E-006 -0.12261897E-005  0.26189566E-005
 -0.41488020E+000  0.31204709E-006 -0.11670002E-005  0.25225432E-005
 -0.39183130E+000  0.28580988E-006 -0.11100169E-005  0.24282768E-005
 -0.36878240E+000  0.26086111E-006 -0.10551926E-005  0.23361404E-005
 -0.34573350E+000  0.23715153E-006 -0.10024806E-005  0.22461607E-005
 -0.32268460E+000  0.21463300E-006 -0.95183512E-006  0.21583103E-005
 -0.29963570E+000  0.19325841E-006 -0.90320893E-006  0.20728585E-005
 -0.27658680E+000  0.17298172E-006 -0.85656095E-006  0.19892327E-005
 -0.25353790E+000  0.15375794E-006 -0.81182899E-006  0.19098775E-005
 -0.23048900E+000  0.13554314E-006 -0.76902013E-006  0.18276258E-005
 -0.20744010E+000  0.11829446E-006 -0.72791200E-006  0.17672831E-005
 -0.18439120E+000  0.10197011E-006 -0.68902554E-006  0.16514509E-005
 -0.16134230E+000  0.86529390E-007 -0.65049017E-006  0.17299853E-005
 -0.13829340E+000  0.71932697E-007 -0.61798171E-006  0.12353770E-005
 -0.11524450E+000  0.58141532E-007 -0.57381886E-006  0.25071779E-005
 -0.92195599E-001  0.45118514E-007 -0.57039739E-006 -0.11956026E-005
 -0.69146699E-001  0.32827394E-007 -0.45834876E-006  0.87556450E-005
 -0.46097800E-001  0.21233058E-007 -0.62876869E-006 -0.11739072E-004
 -0.23048900E-001  0.10301534E-007 -0.18991977E-006  0.28220961E-004
  0.00000000E+000  0.10301534E-007  0.94959884E-007  0.87534336E-006
