 -0.23025851E+002  0.00000000E+000  0.00000000E+000  0.00000000E+000
 -0.23002802E+002  0.00000000E+000  0.00000000E+000  0.00000000E+000
 -0.22979753E+002  0.00000000E+000  0.00000000E+000  0.00000000E+000
 -0.22956704E+002  0.00000000E+000  0.00000000E+000  0.00000000E+000
 -0.22933655E+002  0.00000000E+000  0.00000000E+000  0.00000000E+000
 -0.22910606E+002  0.00000000E+000  0.00000000E+000  0.00000000E+000
 -0.22887558E+002  0.00000000E+000  0.00000000E+000  0.00000000E+000
 -0.22864509E+002  0.00000000E+000  0.00000000E+000  0.00000000E+000
 -0.22841460E+002  0.00000000E+000  0.00000000E+000  0.00000000E+000
 -0.22818411E+002  0.00000000E+000  0.00000000E+000  0.00000000E+000
 -0.22795362E+002  0.00000000E+000  0.00000000E+000  0.00000000E+000
 -0.22772313E+002  0.00000000E+000  0.00000000E+000  0.00000000E+000
 -0.22749264E+002  0.00000000E+000  0.00000000E+000  0.00000000E+000
 -0.22726215E+002  0.00000000E+000  0.00000000E+000  0.00000000E+000
 -0.22703166E+002  0.00000000E+000  0.00000000E+000  0.00000000E+000
 -0.22680117E+002  0.00000000E+000  0.00000000E+000  0.00000000E+000
 -0.22657069E+002  0.00000000E+000  0.00000000E+000  0.00000000E+000
 -0.22634020E+002  0.00000000E+000  0.00000000E+000  0.00000000E+000
 -0.22610971E+002  0.00000000E+000  0.00000000E+000  0.00000000E+000
 -0.22587922E+002  0.00000000E+000  0.00000000E+000  0.00000000E+000
 -0.22564873E+002  0.00000000E+000  0.00000000E+000  0.00000000E+000
 -0.22541824E+002  0.00000000E+000  0.00000000E+000  0.00000000E+000
 -0.22518775E+002  0.00000000E+000  0.00000000E+000  0.00000000E+000
 -0.22495726E+002  0.00000000E+000  0.00000000E+000  0.00000000E+000
 -0.22472677E+002  0.00000000E+000  0.00000000E+000  0.00000000E+000
 -0.22449628E+002  0.00000000E+000  0.00000000E+000  0.00000000E+000
 -0.22426580E+002  0.00000000E+000  0.00000000E+000  0.00000000E+000
 -0.22403531E+002  0.00000000E+000  0.00000000E+000  0.00000000E+000
 -0.22380482E+002  0.00000000E+000  0.00000000E+000  0.00000000E+000
 -0.22357433E+002  0.00000000E+000  0.00000000E+000  0.00000000E+000
 -0.22334384E+002  0.00000000E+000  0.00000000E+000  0.00000000E+000
 -0.22311335E+002  0.00000000E+000  0.00000000E+000  0.00000000E+000
 -0.22288286E+002  0.00000000E+000  0.00000000E+000  0.00000000E+000
 -0.22265237E+002  0.00000000E+000  0.00000000E+000  0.00000000E+000
 -0.22242188E+002  0.00000000E+000  0.00000000E+000  0.00000000E+000
 -0.22219139E+002  0.00000000E+000  0.00000000E+000  0.00000000E+000
 -0.22196091E+002  0.00000000E+000  0.00000000E+000  0.00000000E+000
 -0.22173042E+002  0.00000000E+000  0.00000000E+000  0.00000000E+000
 -0.22149993E+002  0.00000000E+000  0.00000000E+000  0.00000000E+000
 -0.22126944E+002  0.00000000E+000  0.00000000E+000  0.00000000E+000
 -0.22103895E+002  0.00000000E+000  0.00000000E+000  0.00000000E+000
 -0.22080846E+002  0.00000000E+000  0.00000000E+000  0.00000000E+000
 -0.22057797E+002  0.00000000E+000  0.00000000E+000  0.00000000E+000
 -0.22034748E+002  0.00000000E+000  0.00000000E+000  0.00000000E+000
 -0.22011699E+002  0.00000000E+000  0.00000000E+000  0.00000000E+000
 -0.21988650E+002  0.00000000E+000  0.00000000E+000  0.00000000E+000
 -0.21965602E+002  0.00000000E+000  0.00000000E+000  0.00000000E+000
 -0.21942553E+002  0.00000000E+000  0.00000000E+000  0.00000000E+000
 -0.21919504E+002  0.00000000E+000  0.00000000E+000  0.00000000E+000
 -0.21896455E+002  0.00000000E+000  0.00000000E+000  0.00000000E+000
 -0.21873406E+002  0.00000000E+000  0.00000000E+000  0.00000000E+000
 -0.21850357E+002  0.00000000E+000  0.00000000E+000  0.00000000E+000
 -0.21827308E+002  0.00000000E+000  0.00000000E+000  0.00000000E+000
 -0.21804259E+002  0.00000000E+000  0.00000000E+000  0.00000000E+000
 -0.21781210E+002  0.00000000E+000  0.00000000E+000  0.00000000E+000
 -0.21758161E+002  0.00000000E+000  0.00000000E+000  0.00000000E+000
 -0.21735113E+002  0.00000000E+000  0.00000000E+000  0.00000000E+000
 -0.21712064E+002  0.00000000E+000  0.00000000E+000  0.00000000E+000
 -0.21689015E+002  0.00000000E+000  0.00000000E+000  0.00000000E+000
 -0.21665966E+002  0.00000000E+000  0.00000000E+000  0.00000000E+000
 -0.21642917E+002  0.00000000E+000  0.00000000E+000  0.00000000E+000
 -0.21619868E+002  0.00000000E+000  0.00000000E+000  0.00000000E+000
 -0.21596819E+002  0.00000000E+000  0.00000000E+000  0.00000000E+000
 -0.21573770E+002  0.00000000E+000  0.00000000E+000  0.00000000E+000
 -0.21550721E+002  0.00000000E+000  0.00000000E+000  0.00000000E+000
 -0.21527672E+002  0.00000000E+000  0.00000000E+000  0.00000000E+000
 -0.21504624E+002  0.00000000E+000  0.00000000E+000  0.00000000E+000
 -0.21481575E+002  0.00000000E+000  0.00000000E+000  0.00000000E+000
 -0.21458526E+002  0.00000000E+000  0.00000000E+000  0.00000000E+000
 -0.21435477E+002  0.00000000E+000  0.00000000E+000  0.00000000E+000
 -0.21412428E+002  0.00000000E+000  0.00000000E+000  0.00000000E+000
 -0.21389379E+002  0.00000000E+000  0.00000000E+000  0.00000000E+000
 -0.21366330E+002  0.00000000E+000  0.00000000E+000  0.00000000E+000
 -0.21343281E+002  0.00000000E+000  0.00000000E+000  0.00000000E+000
 -0.21320232E+002  0.00000000E+000  0.00000000E+000  0.00000000E+000
 -0.21297183E+002  0.00000000E+000  0.00000000E+000  0.00000000E+000
 -0.21274135E+002  0.00000000E+000  0.00000000E+000  0.00000000E+000
 -0.21251086E+002  0.00000000E+000  0.00000000E+000  0.00000000E+000
 -0.21228037E+002  0.00000000E+000  0.00000000E+000  0.00000000E+000
 -0.21204988E+002  0.00000000E+000  0.00000000E+000  0.00000000E+000
 -0.21181939E+002  0.00000000E+000  0.00000000E+000  0.00000000E+000
 -0.21158890E+002  0.00000000E+000  0.00000000E+000  0.00000000E+000
 -0.21135841E+002  0.00000000E+000  0.00000000E+000  0.00000000E+000
 -0.21112792E+002  0.00000000E+000  0.00000000E+000  0.00000000E+000
 -0.21089743E+002  0.00000000E+000  0.00000000E+000  0.00000000E+000
 -0.21066694E+002  0.00000000E+000  0.00000000E+000  0.00000000E+000
 -0.21043646E+002  0.00000000E+000  0.00000000E+000  0.00000000E+000
 -0.21020597E+002  0.00000000E+000  0.00000000E+000  0.00000000E+000
 -0.20997548E+002  0.00000000E+000  0.00000000E+000  0.00000000E+000
 -0.20974499E+002  0.00000000E+000  0.00000000E+000  0.00000000E+000
 -0.20951450E+002  0.00000000E+000  0.00000000E+000  0.00000000E+000
 -0.20928401E+002  0.00000000E+000  0.00000000E+000  0.00000000E+000
 -0.20905352E+002  0.00000000E+000  0.00000000E+000  0.00000000E+000
 -0.20882303E+002  0.00000000E+000  0.00000000E+000  0.00000000E+000
 -0.20859254E+002  0.00000000E+000  0.00000000E+000  0.00000000E+000
 -0.20836205E+002  0.00000000E+000  0.00000000E+000  0.00000000E+000
 -0.20813157E+002  0.00000000E+000  0.00000000E+000  0.00000000E+000
 -0.20790108E+002  0.00000000E+000  0.00000000E+000  0.00000000E+000
 -0.20767059E+002  0.00000000E+000  0.00000000E+000  0.00000000E+000
 -0.20744010E+002  0.00000000E+000  0.00000000E+000  0.00000000E+000
 -0.20720961E+002  0.00000000E+000  0.00000000E+000  0.00000000E+000
 -0.20697912E+002  0.00000000E+000  0.00000000E+000  0.00000000E+000
 -0.20674863E+002  0.00000000E+000  0.00000000E+000  0.00000000E+000
 -0.20651814E+002  0.00000000E+000  0.00000000E+000  0.00000000E+000
 -0.20628765E+002  0.00000000E+000  0.00000000E+000  0.00000000E+000
 -0.20605716E+002  0.00000000E+000  0.00000000E+000  0.00000000E+000
 -0.20582668E+002  0.00000000E+000  0.00000000E+000  0.00000000E+000
 -0.20559619E+002  0.00000000E+000  0.00000000E+000  0.00000000E+000
 -0.20536570E+002  0.00000000E+000  0.00000000E+000  0.00000000E+000
 -0.20513521E+002  0.00000000E+000  0.00000000E+000  0.00000000E+000
 -0.20490472E+002  0.00000000E+000  0.00000000E+000  0.00000000E+000
 -0.20467423E+002  0.00000000E+000  0.00000000E+000  0.00000000E+000
 -0.20444374E+002  0.00000000E+000  0.00000000E+000  0.00000000E+000
 -0.20421325E+002  0.00000000E+000  0.00000000E+000  0.00000000E+000
 -0.20398276E+002  0.00000000E+000  0.00000000E+000  0.00000000E+000
 -0.20375227E+002  0.00000000E+000  0.00000000E+000  0.00000000E+000
 -0.20352179E+002  0.00000000E+000  0.00000000E+000  0.00000000E+000
 -0.20329130E+002  0.00000000E+000  0.00000000E+000  0.00000000E+000
 -0.20306081E+002  0.00000000E+000  0.00000000E+000  0.00000000E+000
 -0.20283032E+002  0.00000000E+000  0.00000000E+000  0.00000000E+000
 -0.20259983E+002  0.00000000E+000  0.00000000E+000  0.00000000E+000
 -0.20236934E+002  0.00000000E+000  0.00000000E+000  0.00000000E+000
 -0.20213885E+002  0.00000000E+000  0.00000000E+000  0.00000000E+000
 -0.20190836E+002  0.00000000E+000  0.00000000E+000  0.00000000E+000
 -0.20167787E+002  0.00000000E+000  0.00000000E+000  0.00000000E+000
 -0.20144738E+002  0.00000000E+000  0.00000000E+000  0.00000000E+000
 -0.20121690E+002  0.00000000E+000  0.00000000E+000  0.00000000E+000
 -0.20098641E+002  0.00000000E+000  0.00000000E+000  0.00000000E+000
 -0.20075592E+002  0.00000000E+000  0.00000000E+000  0.00000000E+000
 -0.20052543E+002  0.00000000E+000  0.00000000E+000  0.00000000E+000
 -0.20029494E+002  0.00000000E+000  0.00000000E+000  0.00000000E+000
 -0.20006445E+002  0.00000000E+000  0.00000000E+000  0.00000000E+000
 -0.19983396E+002  0.00000000E+000  0.00000000E+000  0.00000000E+000
 -0.19960347E+002  0.00000000E+000  0.00000000E+000  0.00000000E+000
 -0.19937298E+002  0.00000000E+000  0.00000000E+000  0.00000000E+000
 -0.19914249E+002  0.00000000E+000  0.00000000E+000  0.00000000E+000
 -0.19891201E+002  0.00000000E+000  0.00000000E+000  0.00000000E+000
 -0.19868152E+002  0.00000000E+000  0.00000000E+000  0.00000000E+000
 -0.19845103E+002  0.00000000E+000  0.00000000E+000  0.00000000E+000
 -0.19822054E+002  0.00000000E+000  0.00000000E+000  0.00000000E+000
 -0.19799005E+002  0.00000000E+000  0.00000000E+000  0.00000000E+000
 -0.19775956E+002  0.00000000E+000  0.00000000E+000  0.00000000E+000
 -0.19752907E+002  0.00000000E+000  0.00000000E+000  0.00000000E+000
 -0.19729858E+002  0.00000000E+000  0.00000000E+000  0.00000000E+000
 -0.19706809E+002  0.00000000E+000  0.00000000E+000  0.00000000E+000
 -0.19683760E+002  0.00000000E+000  0.00000000E+000  0.00000000E+000
 -0.19660712E+002  0.00000000E+000  0.00000000E+000  0.00000000E+000
 -0.19637663E+002  0.00000000E+000  0.00000000E+000  0.00000000E+000
 -0.19614614E+002  0.00000000E+000  0.00000000E+000  0.00000000E+000
 -0.19591565E+002  0.00000000E+000  0.00000000E+000  0.00000000E+000
 -0.19568516E+002  0.00000000E+000  0.00000000E+000  0.00000000E+000
 -0.19545467E+002  0.00000000E+000  0.00000000E+000  0.00000000E+000
 -0.19522418E+002  0.00000000E+000  0.00000000E+000  0.00000000E+000
 -0.19499369E+002  0.00000000E+000  0.00000000E+000  0.00000000E+000
 -0.19476320E+002  0.00000000E+000  0.00000000E+000  0.00000000E+000
 -0.19453271E+002  0.00000000E+000  0.00000000E+000  0.45682949E-307
 -0.19430223E+002  0.00000000E+000  0.00000000E+000 -0.17049109E-306
 -0.19407174E+002  0.00000000E+000  0.00000000E+000  0.63628140E-306
 -0.19384125E+002  0.00000000E+000  0.00000000E+000 -0.23746345E-305
 -0.19361076E+002  0.00000000E+000  0.58966303E-307  0.88622567E-305
 -0.19338027E+002  0.00000000E+000 -0.22006524E-306 -0.33074392E-304
 -0.19314978E+002  0.00000000E+000  0.82129466E-306  0.12343531E-303
 -0.19291929E+002  0.00000000E+000 -0.30651134E-305 -0.46066686E-303
 -0.19268880E+002  0.00000000E+000  0.11439159E-304  0.17192321E-302
 -0.19245831E+002  0.00000000E+000 -0.42691522E-304 -0.64162616E-302
 -0.19222782E+002  0.00000000E+000  0.15932693E-303  0.23945814E-301
 -0.19199734E+002  0.00000000E+000 -0.59461620E-303 -0.89366996E-301
 -0.19176685E+002  0.00000000E+000  0.22191379E-302  0.33352217E-300
 -0.19153636E+002  0.00000000E+000 -0.82819353E-302 -0.12447217E-299
 -0.19130587E+002  0.00000000E+000  0.30908603E-301  0.46453645E-299
 -0.19107538E+002  0.00000000E+000 -0.11535248E-300 -0.17336737E-298
 -0.19084489E+002  0.00000000E+000  0.43050131E-300  0.64701582E-298
 -0.19061440E+002  0.00000000E+000 -0.16066527E-299 -0.24146959E-297
 -0.19038391E+002  0.00000000E+000  0.59961097E-299  0.90117678E-297
 -0.19015342E+002  0.00000000E+000 -0.22377786E-298 -0.33632375E-296
 -0.18992293E+002  0.00000000E+000  0.83515034E-298  0.12551773E-295
 -0.18969245E+002  0.00000000E+000 -0.31168235E-297 -0.46843856E-295
 -0.18946196E+002  0.00000000E+000  0.11632144E-296  0.17482365E-294
 -0.18923147E+002  0.00000000E+000 -0.43411751E-296 -0.65245074E-294
 -0.18900098E+002  0.00000000E+000  0.16201486E-295  0.24349793E-293
 -0.18877049E+002  0.00000000E+000 -0.60464769E-295 -0.90874665E-293
 -0.18854000E+002  0.00000000E+000  0.22565759E-294  0.33914887E-292
 -0.18830951E+002  0.00000000E+000 -0.84216560E-294 -0.12657208E-291
 -0.18807902E+002  0.00000000E+000  0.31430048E-293  0.47237344E-291
 -0.18784853E+002  0.00000000E+000 -0.11729854E-292 -0.17629217E-290
 -0.18761804E+002  0.00000000E+000  0.43776410E-292  0.65793132E-290
 -0.18738756E+002  0.00000000E+000 -0.16337578E-291 -0.24554331E-289
 -0.18715707E+002  0.00000000E+000  0.60972673E-291  0.91638012E-289
 -0.18692658E+002  0.00000000E+000 -0.22755311E-290 -0.34199772E-288
 -0.18669609E+002  0.00000000E+000  0.84923978E-290  0.12763528E-287
 -0.18646560E+002  0.00000000E+000 -0.31694060E-289 -0.47634137E-287
 -0.18623511E+002  0.00000000E+000  0.11828384E-288  0.17777302E-286
 -0.18600462E+002  0.00000000E+000 -0.44144131E-288 -0.66345794E-286
 -0.18577413E+002  0.00000000E+000  0.16474814E-287  0.24760587E-285
 -0.18554364E+002  0.00000000E+000 -0.61484843E-287 -0.92407770E-285
 -0.18531315E+002  0.00000000E+000  0.22946456E-286  0.34487049E-284
 -0.18508267E+002  0.00000000E+000 -0.85637339E-286 -0.12870742E-283
 -0.18485218E+002  0.00000000E+000  0.31960290E-285  0.48034263E-283
 -0.18462169E+002  0.00000000E+000 -0.11927743E-284 -0.17926631E-282
 -0.18439120E+002  0.00000000E+000  0.44514941E-284  0.66903098E-282
 -0.18416071E+002  0.00000000E+000 -0.16613202E-283 -0.24968576E-281
 -0.18393022E+002  0.00000000E+000  0.62001315E-283  0.93183994E-281
 -0.18369973E+002  0.00000000E+000 -0.23139206E-282 -0.34776740E-280
 -0.18346924E+002  0.00000000E+000  0.86356691E-282  0.12978856E-279
 -0.18323875E+002  0.00000000E+000 -0.32228756E-281 -0.48437750E-279
 -0.18300826E+002  0.00000000E+000  0.12027935E-280  0.18077215E-278
 -0.18277778E+002  0.00000000E+000 -0.44888866E-280 -0.67465083E-278
 -0.18254729E+002  0.00000000E+000  0.16752753E-279  0.25178312E-277
 -0.18231680E+002  0.00000000E+000 -0.62522125E-279 -0.93966739E-277
 -0.18208631E+002  0.00000000E+000  0.23333575E-278  0.35068864E-276
 -0.18185582E+002  0.00000000E+000 -0.87082087E-278 -0.13087878E-275
 -0.18162533E+002  0.00000000E+000  0.32499477E-277  0.48844627E-275
 -0.18139484E+002  0.00000000E+000 -0.12128970E-276 -0.18229063E-274
 -0.18116435E+002  0.00000000E+000  0.45265932E-276  0.68031789E-274
 -0.18093386E+002  0.00000000E+000 -0.16893476E-275 -0.25389809E-273
 -0.18070337E+002  0.00000000E+000  0.63047311E-275  0.94756059E-273
 -0.18047289E+002  0.00000000E+000 -0.23529577E-274 -0.35363442E-272
 -0.18024240E+002  0.00000000E+000  0.87813575E-274  0.13197816E-271
 -0.18001191E+002  0.00000000E+000 -0.32772473E-273 -0.49254921E-271
 -0.17978142E+002  0.00000000E+000  0.12230853E-272  0.18382187E-270
 -0.17955093E+002  0.00000000E+000 -0.45646166E-272 -0.68603256E-270
 -0.17932044E+002  0.00000000E+000  0.17035381E-271  0.25603084E-269
 -0.17908995E+002  0.00000000E+000 -0.63576907E-271 -0.95552009E-269
 -0.17885946E+002  0.00000000E+000  0.23727225E-270  0.35660495E-268
 -0.17862897E+002  0.00000000E+000 -0.88551209E-270 -0.13308678E-267
 -0.17839848E+002  0.00000000E+000  0.33047761E-269  0.49668662E-267
 -0.17816800E+002  0.00000000E+000 -0.12333592E-268 -0.18536597E-266
 -0.17793751E+002  0.00000000E+000  0.46029593E-268  0.69179522E-266
 -0.17770702E+002  0.00000000E+000 -0.17178478E-267 -0.25818149E-265
 -0.17747653E+002  0.00000000E+000  0.64110953E-267  0.96354644E-265
 -0.17724604E+002  0.00000000E+000 -0.23926533E-266 -0.35960043E-264
 -0.17701555E+002  0.00000000E+000  0.89295038E-266  0.13420471E-263
 -0.17678506E+002  0.00000000E+000 -0.33325362E-265 -0.50085879E-263
 -0.17655457E+002  0.00000000E+000  0.12437194E-264  0.18692304E-262
 -0.17632408E+002  0.00000000E+000 -0.46416241E-264 -0.69760630E-262
 -0.17609359E+002  0.00000000E+000  0.17322777E-263  0.26035021E-261
 -0.17586311E+002  0.00000000E+000 -0.64649484E-263 -0.97164023E-261
 -0.17563262E+002  0.00000000E+000  0.24127516E-262  0.36262107E-260
 -0.17540213E+002  0.00000000E+000 -0.90045115E-262 -0.13533203E-259
 -0.17517164E+002  0.00000000E+000  0.33605295E-261  0.50506599E-259
 -0.17494115E+002  0.00000000E+000 -0.12541667E-260 -0.18849320E-258
 -0.17471066E+002  0.00000000E+000  0.46806137E-260  0.70346618E-258
 -0.17448017E+002  0.00000000E+000 -0.17468288E-259 -0.26253715E-257
 -0.17424968E+002  0.00000000E+000  0.65192539E-259  0.97980199E-257
 -0.17401919E+002  0.00000000E+000 -0.24330187E-258 -0.36566708E-256
 -0.17378870E+002  0.00000000E+000  0.90801493E-258  0.13646881E-255
 -0.17355822E+002  0.00000000E+000 -0.33887579E-257 -0.50930854E-255
 -0.17332773E+002  0.00000000E+000  0.12647017E-256  0.19007654E-254
 -0.17309724E+002  0.00000000E+000 -0.47199308E-256 -0.70937529E-254
 -0.17286675E+002  0.00000000E+000  0.17615022E-255  0.26474246E-253
 -0.17263626E+002  0.00000000E+000 -0.65740156E-255 -0.98803232E-253
 -0.17240577E+002  0.00000000E+000  0.24534560E-254  0.36873868E-252
 -0.17217528E+002  0.00000000E+000 -0.91564225E-254 -0.13761515E-251
 -0.17194479E+002  0.00000000E+000  0.34172234E-253  0.51358673E-251
 -0.17171430E+002  0.00000000E+000 -0.12753251E-252 -0.19167318E-250
 -0.17148381E+002  0.00000000E+000  0.47595782E-252  0.71533404E-250
 -0.17125333E+002  0.00000000E+000 -0.17762988E-251 -0.26696630E-249
 -0.17102284E+002  0.00000000E+000  0.66292372E-251  0.99633178E-249
 -0.17079235E+002  0.00000000E+000 -0.24740650E-250 -0.37183608E-248
 -0.17056186E+002  0.00000000E+000  0.92333364E-250  0.13877112E-247
 -0.17033137E+002  0.00000000E+000 -0.34459280E-249 -0.51790085E-247
 -0.17010088E+002  0.00000000E+000  0.12860379E-248  0.19328323E-246
 -0.16987039E+002  0.00000000E+000 -0.47995586E-248 -0.72134283E-246
 -0.16963990E+002  0.00000000E+000  0.17912197E-247  0.26920881E-245
 -0.16940941E+002  0.00000000E+000 -0.66849228E-247 -0.10047010E-244
 -0.16917892E+002  0.00000000E+000  0.24948471E-246  0.37495950E-244
 -0.16894844E+002  0.00000000E+000 -0.93108963E-246 -0.13993679E-243
 -0.16871795E+002  0.00000000E+000  0.34748738E-245  0.52225122E-243
 -0.16848746E+002  0.00000000E+000 -0.12968406E-244 -0.19490681E-242
 -0.16825697E+002  0.00000000E+000  0.48398749E-244  0.72740211E-242
 -0.16802648E+002  0.00000000E+000 -0.18062659E-243 -0.27147016E-241
 -0.16779599E+002  0.00000000E+000  0.67410761E-243  0.10131404E-240
 -0.16756550E+002  0.00000000E+000 -0.25158038E-242 -0.37810916E-240
 -0.16733501E+002  0.00000000E+000  0.93891077E-242  0.14111226E-239
 -0.16710452E+002  0.00000000E+000 -0.35040627E-241 -0.52663812E-239
 -0.16687403E+002  0.00000000E+000  0.13077340E-240  0.19654402E-238
 -0.16664355E+002  0.00000000E+000 -0.48805298E-240 -0.73351228E-238
 -0.16641306E+002  0.00000000E+000  0.18214385E-239  0.27375051E-237
 -0.16618257E+002  0.00000000E+000 -0.67977010E-239 -0.10216508E-236
 -0.16595208E+002  0.00000000E+000  0.25369366E-238  0.38128527E-236
 -0.16572159E+002  0.00000000E+000 -0.94679761E-238 -0.14229760E-235
 -0.16549110E+002  0.00000000E+000  0.35334968E-237  0.53106188E-235
 -0.16526061E+002  0.00000000E+000 -0.13187190E-236 -0.19819499E-234
 -0.16503012E+002  0.00000000E+000  0.49215262E-236  0.73967377E-234
 -0.16479963E+002  0.00000000E+000 -0.18367386E-235 -0.27605001E-233
 -0.16456914E+002  0.00000000E+000  0.68548016E-235  0.10302327E-232
 -0.16433866E+002  0.00000000E+000 -0.25582468E-234 -0.38448806E-232
 -0.16410817E+002  0.00000000E+000  0.95475070E-234  0.14349290E-231
 -0.16387768E+002  0.00000000E+000 -0.35631781E-233 -0.53552279E-231
 -0.16364719E+002  0.00000000E+000  0.13297962E-232  0.19985983E-230
 -0.16341670E+002  0.00000000E+000 -0.49628669E-232 -0.74588703E-230
 -0.16318621E+002  0.00000000E+000  0.18521672E-231  0.27836883E-229
 -0.16295572E+002  0.00000000E+000 -0.69123819E-231 -0.10388866E-228
 -0.16272523E+002  0.00000000E+000  0.25797361E-230  0.38771776E-228
 -0.16249474E+002  0.00000000E+000 -0.96277060E-230 -0.14469824E-227
 -0.16226425E+002  0.00000000E+000  0.35931088E-229  0.54002118E-227
 -0.16203377E+002  0.00000000E+000 -0.13409665E-228 -0.20153865E-226
 -0.16180328E+002  0.00000000E+000  0.50045550E-228  0.75215247E-226
 -0.16157279E+002  0.00000000E+000 -0.18677253E-227 -0.28070712E-225
 -0.16134230E+002  0.00000000E+000  0.69704459E-227  0.10476132E-224
 -0.16111181E+002  0.00000000E+000 -0.26014058E-226 -0.39097459E-224
 -0.16088132E+002  0.00000000E+000  0.97085786E-226  0.14591370E-223
 -0.16065083E+002  0.00000000E+000 -0.36232909E-225 -0.54455735E-223
 -0.16042034E+002  0.00000000E+000  0.13522306E-224  0.20323157E-222
 -0.16018985E+002  0.00000000E+000 -0.50465932E-224 -0.75847054E-222
 -0.15995936E+002  0.00000000E+000  0.18834142E-223  0.28306506E-221
 -0.15972888E+002  0.00000000E+000 -0.70289975E-223 -0.10564132E-220
 -0.15949839E+002  0.00000000E+000  0.26232576E-222  0.39425877E-220
 -0.15926790E+002  0.00000000E+000 -0.97901306E-222 -0.14713938E-219
 -0.15903741E+002  0.00000000E+000  0.36537265E-221  0.54913163E-219
 -0.15880692E+002  0.00000000E+000 -0.13635893E-220 -0.20493871E-218
 -0.15857643E+002  0.00000000E+000  0.50889845E-220  0.76484169E-218
 -0.15834594E+002  0.00000000E+000 -0.18992349E-219 -0.28544280E-217
 -0.15811545E+002  0.00000000E+000  0.70880410E-219  0.10652870E-216
 -0.15788496E+002  0.00000000E+000 -0.26452929E-218 -0.39757054E-216
 -0.15765447E+002  0.00000000E+000  0.98723676E-218  0.14837534E-215
 -0.15742399E+002  0.00000000E+000 -0.36844178E-217 -0.55374433E-215
 -0.15719350E+002  0.00000000E+000  0.13750434E-216  0.20666020E-214
 -0.15696301E+002  0.00000000E+000 -0.51317319E-216 -0.77126635E-214
 -0.15673252E+002  0.00000000E+000  0.19151884E-215  0.28784052E-213
 -0.15650203E+002  0.00000000E+000 -0.71475805E-215 -0.10742354E-212
 -0.15627154E+002  0.00000000E+000  0.26675134E-214  0.40091013E-212
 -0.15604105E+002  0.00000000E+000 -0.99552954E-214 -0.14962170E-211
 -0.15581056E+002  0.00000000E+000  0.37153668E-213  0.55839577E-211
 -0.15558007E+002  0.00000000E+000 -0.13865938E-212 -0.20839614E-210
 -0.15534958E+002  0.00000000E+000  0.51748384E-212  0.77774498E-210
 -0.15511910E+002  0.00000000E+000 -0.19312760E-211 -0.29025838E-209
 -0.15488861E+002  0.00000000E+000  0.72076201E-211  0.10832590E-208
 -0.15465812E+002  0.00000000E+000 -0.26899204E-210 -0.40427777E-208
 -0.15442763E+002  0.00000000E+000  0.10038920E-209  0.15087852E-207
 -0.15419714E+002  0.00000000E+000 -0.37465759E-209 -0.56308629E-207
 -0.15396665E+002  0.00000000E+000  0.13982411E-208  0.21014666E-206
 -0.15373616E+002  0.00000000E+000 -0.52183070E-208 -0.78427803E-206
 -0.15350567E+002  0.00000000E+000  0.19474987E-207  0.29269655E-205
 -0.15327518E+002  0.00000000E+000 -0.72681641E-207 -0.10923584E-204
 -0.15304469E+002  0.00000000E+000  0.27125158E-206  0.40767370E-204
 -0.15281421E+002  0.00000000E+000 -0.10123247E-205 -0.15214590E-203
 -0.15258372E+002  0.00000000E+000  0.37780471E-205  0.56781621E-203
 -0.15235323E+002  0.00000000E+000 -0.14099864E-204 -0.21191189E-202
 -0.15212274E+002  0.00000000E+000  0.52621407E-204  0.79086596E-202
 -0.15189225E+002  0.00000000E+000 -0.19638577E-203 -0.29515519E-201
 -0.15166176E+002  0.00000000E+000  0.73292166E-203  0.11015342E-200
 -0.15143127E+002  0.00000000E+000 -0.27353009E-202 -0.41109815E-200
 -0.15120078E+002  0.00000000E+000  0.10208282E-201  0.15342392E-199
 -0.15097029E+002  0.00000000E+000 -0.38097826E-201 -0.57258586E-199
 -0.15073980E+002  0.00000000E+000  0.14218302E-200  0.21369195E-198
 -0.15050932E+002  0.00000000E+000 -0.53063427E-200 -0.79750922E-198
 -0.15027883E+002  0.00000000E+000  0.19803540E-199  0.29763449E-197
 -0.15004834E+002  0.00000000E+000 -0.73907819E-199 -0.11107871E-196
 -0.14981785E+002  0.00000000E+000  0.27582774E-198  0.41455137E-196
 -0.14958736E+002  0.00000000E+000 -0.10294031E-197 -0.15471268E-195
 -0.14935687E+002  0.00000000E+000  0.38417848E-197  0.57739558E-195
 -0.14912638E+002  0.00000000E+000 -0.14337736E-196 -0.21548696E-194
 -0.14889589E+002  0.00000000E+000  0.53509159E-196  0.80420829E-194
 -0.14866540E+002  0.00000000E+000 -0.19969890E-195 -0.30013462E-193
 -0.14843491E+002  0.00000000E+000  0.74528644E-195  0.11201177E-192
 -0.14820443E+002  0.00000000E+000 -0.27814469E-194 -0.41803360E-192
 -0.14797394E+002  0.00000000E+000  0.10380501E-193  0.15601226E-191
 -0.14774345E+002  0.00000000E+000 -0.38740557E-193 -0.58224569E-191
 -0.14751296E+002  0.00000000E+000  0.14458173E-192  0.21729705E-190
 -0.14728247E+002  0.00000000E+000 -0.53958635E-192 -0.81096364E-190
 -0.14705198E+002  0.00000000E+000  0.20137637E-191  0.30265575E-189
 -0.14682149E+002  0.00000000E+000 -0.75154684E-191 -0.11295266E-188
 -0.14659100E+002  0.00000000E+000  0.28048110E-190  0.42154508E-188
 -0.14636051E+002  0.00000000E+000 -0.10467697E-189 -0.15732276E-187
 -0.14613002E+002  0.00000000E+000  0.39065977E-189  0.58713655E-187
 -0.14589954E+002  0.00000000E+000 -0.14579621E-188 -0.21912234E-186
 -0.14566905E+002  0.00000000E+000  0.54411887E-188  0.81777572E-186
 -0.14543856E+002  0.00000000E+000 -0.20306793E-187 -0.30519805E-185
 -0.14520807E+002  0.00000000E+000  0.75785983E-187  0.11390146E-184
 -0.14497758E+002  0.00000000E+000 -0.28283714E-186 -0.42508605E-184
 -0.14474709E+002  0.00000000E+000  0.10555626E-185  0.15864427E-183
 -0.14451660E+002  0.00000000E+000 -0.39394131E-185 -0.59206849E-183
 -0.14428611E+002  0.00000000E+000  0.14702090E-184  0.22096297E-182
 -0.14405562E+002  0.00000000E+000 -0.54868947E-184 -0.82464503E-182
 -0.14382513E+002  0.00000000E+000  0.20477370E-183  0.30776171E-181
 -0.14359465E+002  0.00000000E+000 -0.76422584E-183 -0.11485824E-180
 -0.14336416E+002  0.00000000E+000  0.28521297E-182  0.42865677E-180
 -0.14313367E+002  0.00000000E+000 -0.10644293E-181 -0.15997688E-179
 -0.14290318E+002  0.00000000E+000  0.39725042E-181  0.59704186E-179
 -0.14267269E+002  0.00000000E+000 -0.14825587E-180 -0.22281906E-178
 -0.14244220E+002  0.00000000E+000  0.55329845E-180  0.83157204E-178
 -0.14221171E+002  0.00000000E+000 -0.20649379E-179 -0.31034691E-177
 -0.14198122E+002  0.00000000E+000  0.77064533E-179  0.11582304E-176
 -0.14175073E+002  0.00000000E+000 -0.28760875E-178 -0.43225748E-176
 -0.14152024E+002  0.00000000E+000  0.10733705E-177  0.16132069E-175
 -0.14128976E+002  0.00000000E+000 -0.40058732E-177 -0.60205701E-175
 -0.14105927E+002  0.00000000E+000  0.14950122E-176  0.22469073E-174
 -0.14082878E+002  0.00000000E+000 -0.55794615E-176 -0.83855724E-174
 -0.14059829E+002  0.00000000E+000  0.20822834E-175  0.31295382E-173
 -0.14036780E+002  0.00000000E+000 -0.77711874E-175 -0.11679596E-172
 -0.14013731E+002  0.00000000E+000  0.29002466E-174  0.43588844E-172
 -0.13990682E+002  0.00000000E+000 -0.10823868E-173 -0.16267578E-171
 -0.13967633E+002  0.00000000E+000  0.40395225E-173  0.60711428E-171
 -0.13944584E+002  0.00000000E+000 -0.15075703E-172 -0.22657813E-170
 -0.13921535E+002  0.00000000E+000  0.56263290E-172  0.84560111E-170
 -0.13898487E+002  0.00000000E+000 -0.20997746E-171 -0.31558263E-169
 -0.13875438E+002  0.00000000E+000  0.78364653E-171  0.11777704E-168
 -0.13852389E+002  0.00000000E+000 -0.29246087E-170 -0.43954990E-168
 -0.13829340E+002  0.00000000E+000  0.10914788E-169  0.16404226E-167
 -0.13806291E+002  0.00000000E+000 -0.40734544E-169 -0.61221403E-167
 -0.13783242E+002  0.00000000E+000  0.15202339E-168  0.22848139E-166
 -0.13760193E+002  0.00000000E+000 -0.56735901E-168 -0.85270415E-166
 -0.13737144E+002  0.00000000E+000  0.21174126E-167  0.31823352E-165
 -0.13714095E+002  0.00000000E+000 -0.79022916E-167 -0.11876637E-164
 -0.13691046E+002  0.00000000E+000  0.29491754E-166  0.44324212E-164
 -0.13667998E+002  0.00000000E+000 -0.11006472E-165 -0.16542021E-163
 -0.13644949E+002  0.00000000E+000  0.41076714E-165  0.61735663E-163
 -0.13621900E+002  0.00000000E+000 -0.15330038E-164 -0.23040063E-162
 -0.13598851E+002  0.00000000E+000  0.57212482E-164  0.85986686E-162
 -0.13575802E+002  0.00000000E+000 -0.21351989E-163 -0.32090668E-161
 -0.13552753E+002  0.00000000E+000  0.79686707E-163  0.11976400E-160
 -0.13529704E+002  0.00000000E+000 -0.29739484E-162 -0.44696535E-160
 -0.13506655E+002  0.00000000E+000  0.11098927E-161  0.16680974E-159
 -0.13483606E+002  0.00000000E+000 -0.41421758E-161 -0.62254242E-159
 -0.13460558E+002  0.00000000E+000  0.15458810E-160  0.23233599E-158
 -0.13437509E+002  0.00000000E+000 -0.57693066E-160 -0.86708973E-158
 -0.13414460E+002  0.00000000E+000  0.21531345E-159  0.32360229E-157
 -0.13391411E+002  0.00000000E+000 -0.80356075E-159 -0.12077002E-156
 -0.13368362E+002  0.00000000E+000  0.29989295E-158  0.45071985E-156
 -0.13345313E+002  0.00000000E+000 -0.11192157E-157 -0.16821094E-155
 -0.13322264E+002  0.00000000E+000  0.41769700E-157  0.62777177E-155
 -0.13299215E+002  0.00000000E+000 -0.15588664E-156 -0.23428761E-154
 -0.13276166E+002  0.00000000E+000  0.58177687E-156  0.87437327E-154
 -0.13253117E+002  0.00000000E+000 -0.21712208E-155 -0.32632055E-153
 -0.13230069E+002  0.00000000E+000  0.81031065E-155  0.12178449E-152
 -0.13207020E+002  0.00000000E+000 -0.30241205E-154 -0.45450589E-152
 -0.13183971E+002  0.00000000E+000  0.11286171E-153  0.16962391E-151
 -0.13160922E+002  0.00000000E+000 -0.42120565E-153 -0.63304504E-151
 -0.13137873E+002  0.00000000E+000  0.15719609E-152  0.23625563E-150
 -0.13114824E+002  0.00000000E+000 -0.58666379E-152 -0.88171800E-150
 -0.13091775E+002  0.00000000E+000  0.21894591E-151  0.32906164E-149
 -0.13068726E+002  0.00000000E+000 -0.81711725E-151 -0.12280748E-148
 -0.13045677E+002  0.00000000E+000  0.30495231E-150  0.45832374E-148
 -0.13022628E+002  0.00000000E+000 -0.11380975E-149 -0.17104875E-147
 -0.12999580E+002  0.00000000E+000  0.42474377E-149  0.63836262E-147
 -0.12976531E+002  0.00000000E+000 -0.15851653E-148 -0.23824017E-146
 -0.12953482E+002  0.00000000E+000  0.59159176E-148  0.88912442E-146
 -0.12930433E+002  0.00000000E+000 -0.22078505E-147 -0.33182575E-145
 -0.12907384E+002  0.00000000E+000  0.82398103E-147  0.12383906E-144
 -0.12884335E+002  0.00000000E+000 -0.30751391E-146 -0.46217365E-144
 -0.12861286E+002  0.00000000E+000  0.11476575E-145  0.17248555E-143
 -0.12838237E+002  0.00000000E+000 -0.42831162E-145 -0.64372485E-143
 -0.12815188E+002  0.00000000E+000  0.15984807E-144  0.24024139E-142
 -0.12792139E+002  0.00000000E+000 -0.59656113E-144 -0.89659306E-142
 -0.12769091E+002  0.00000000E+000  0.22263964E-143  0.33461309E-141
 -0.12746042E+002  0.00000000E+000 -0.83090246E-143 -0.12487930E-140
 -0.12722993E+002  0.00000000E+000  0.31009702E-142  0.46605591E-140
 -0.12699944E+002  0.00000000E+000 -0.11572978E-141 -0.17393443E-139
 -0.12676895E+002  0.00000000E+000  0.43190943E-141  0.64913214E-139
 -0.12653846E+002  0.00000000E+000 -0.16119079E-140 -0.24225941E-138
 -0.12630797E+002  0.00000000E+000  0.60157223E-140  0.90412443E-138
 -0.12607748E+002  0.00000000E+000 -0.22450981E-139 -0.33742383E-137
 -0.12584699E+002  0.00000000E+000  0.83788203E-139  0.12592829E-136
 -0.12561650E+002  0.00000000E+000 -0.31270183E-138 -0.46997077E-136
 -0.12538602E+002  0.00000000E+000  0.11670191E-137  0.17539548E-135
 -0.12515553E+002  0.00000000E+000 -0.43553747E-137 -0.65458484E-135
 -0.12492504E+002  0.00000000E+000  0.16254480E-136  0.24429439E-134
 -0.12469455E+002  0.00000000E+000 -0.60662544E-136 -0.91171907E-134
 -0.12446406E+002  0.00000000E+000  0.22639569E-135  0.34025819E-133
 -0.12423357E+002  0.00000000E+000 -0.84492023E-135 -0.12698608E-132
 -0.12400308E+002  0.00000000E+000  0.31532852E-134  0.47391852E-132
 -0.12377259E+002  0.00000000E+000 -0.11768221E-133 -0.17686880E-131
 -0.12354210E+002  0.00000000E+000  0.43919598E-133  0.66008335E-131
 -0.12331161E+002  0.00000000E+000 -0.16391017E-132 -0.24634646E-130
 -0.12308113E+002  0.00000000E+000  0.61172108E-132  0.91937750E-130
 -0.12285064E+002  0.00000000E+000 -0.22829742E-131 -0.34311635E-129
 -0.12262015E+002  0.00000000E+000  0.85201756E-131  0.12805277E-128
 -0.12238966E+002  0.00000000E+000 -0.31797728E-130 -0.47789943E-128
 -0.12215917E+002  0.00000000E+000  0.11867074E-129  0.17835450E-127
 -0.12192868E+002  0.00000000E+000 -0.44288522E-129 -0.66562804E-127
 -0.12169819E+002  0.00000000E+000  0.16528701E-128  0.24841577E-126
 -0.12146770E+002  0.00000000E+000 -0.61685953E-128 -0.92710026E-126
 -0.12123721E+002  0.00000000E+000  0.23021511E-127  0.34599853E-125
 -0.12100672E+002  0.00000000E+000 -0.85917450E-127 -0.12912841E-124
 -0.12077624E+002  0.00000000E+000  0.32064829E-126  0.48191378E-124
 -0.12054575E+002  0.00000000E+000 -0.11966757E-125 -0.17985267E-123
 -0.12031526E+002  0.00000000E+000  0.44660545E-125  0.67121931E-123
 -0.12008477E+002  0.00000000E+000 -0.16667542E-124 -0.25050246E-122
 -0.11985428E+002  0.00000000E+000  0.62204115E-124  0.93488790E-122
 -0.11962379E+002  0.00000000E+000 -0.23214892E-123 -0.34890491E-121
 -0.11939330E+002  0.00000000E+000  0.86639155E-123  0.13021309E-120
 -0.11916281E+002  0.00000000E+000 -0.32334173E-122 -0.48596185E-120
 -0.11893232E+002  0.00000000E+000  0.12067278E-121  0.18136343E-119
 -0.11870183E+002  0.00000000E+000 -0.45035693E-121 -0.67685754E-119
 -0.11847135E+002  0.00000000E+000  0.16807550E-120  0.25260667E-118
 -0.11824086E+002  0.00000000E+000 -0.62726629E-120 -0.94274094E-118
 -0.11801037E+002  0.00000000E+000  0.23409897E-119  0.35183571E-117
 -0.11777988E+002  0.00000000E+000 -0.87366923E-119 -0.13130687E-116
 -0.11754939E+002  0.00000000E+000  0.32605780E-118  0.49004393E-116
 -0.11731890E+002  0.00000000E+000 -0.12168643E-117 -0.18288688E-115
 -0.11708841E+002  0.00000000E+000  0.45413993E-117  0.68254314E-115
 -0.11685792E+002  0.00000000E+000 -0.16948733E-116 -0.25472857E-114
 -0.11662743E+002  0.00000000E+000  0.63253532E-116  0.95065996E-114
 -0.11639694E+002  0.00000000E+000 -0.23606539E-115 -0.35479113E-113
 -0.11616646E+002  0.00000000E+000  0.88100805E-115  0.13240985E-112
 -0.11593597E+002  0.00000000E+000 -0.32879668E-114 -0.49416029E-112
 -0.11570548E+002  0.00000000E+000  0.12270859E-113  0.18442313E-111
 -0.11547499E+002  0.00000000E+000 -0.45795470E-113 -0.68827650E-111
 -0.11524450E+002  0.00000000E+000  0.17091102E-112  0.25686829E-110
 -0.11501401E+002  0.00000000E+000 -0.63784861E-112 -0.95864549E-110
 -0.11478352E+002  0.00000000E+000  0.23804834E-111  0.35777137E-109
 -0.11455303E+002  0.00000000E+000 -0.88840850E-111 -0.13352209E-108
 -0.11432254E+002  0.00000000E+000  0.33155857E-110  0.49831123E-108
 -0.11409205E+002  0.00000000E+000 -0.12373934E-109 -0.18597228E-107
 -0.11386157E+002  0.00000000E+000  0.46180151E-109  0.69405801E-107
 -0.11363108E+002  0.00000000E+000 -0.17234667E-108 -0.25902598E-106
 -0.11340059E+002  0.00000000E+000  0.64320653E-108  0.96669811E-106
 -0.11317010E+002  0.00000000E+000 -0.24004795E-107 -0.36077664E-105
 -0.11293961E+002  0.00000000E+000  0.89587113E-107  0.13464368E-104
 -0.11270912E+002  0.00000000E+000 -0.33434366E-106 -0.50249704E-104
 -0.11247863E+002  0.00000000E+000  0.12477875E-105  0.18753445E-103
 -0.11224814E+002  0.00000000E+000 -0.46568064E-105 -0.69988809E-103
 -0.11201765E+002  0.00000000E+000  0.17379438E-104  0.26120179E-102
 -0.11178716E+002  0.00000000E+000 -0.64860946E-104 -0.97481836E-102
 -0.11155668E+002  0.00000000E+000  0.24206435E-103  0.36380716E-101
 -0.11132619E+002  0.00000000E+000 -0.90339644E-103 -0.13577468E-100
 -0.11109570E+002  0.00000000E+000  0.33715214E-102  0.50671801E-100
 -0.11086521E+002  0.00000000E+000 -0.12582689E-101 -0.18910974E-099
 -0.11063472E+002  0.00000000E+000  0.46959235E-101  0.70576715E-099
 -0.11040423E+002  0.00000000E+000 -0.17525425E-100 -0.26339588E-098
 -0.11017374E+002  0.00000000E+000  0.65405777E-100  0.98300682E-098
 -0.10994325E+002  0.00000000E+000 -0.24409768E-099 -0.36686314E-097
 -0.10971276E+002  0.00000000E+000  0.91098496E-099  0.13691519E-096
 -0.10948227E+002  0.00000000E+000 -0.33998421E-098 -0.51097444E-096
 -0.10925179E+002  0.00000000E+000  0.12688384E-097  0.19069826E-095
 -0.10902130E+002  0.00000000E+000 -0.47353692E-097 -0.71169558E-095
 -0.10879081E+002  0.00000000E+000  0.17672639E-096  0.26560841E-094
 -0.10856032E+002  0.00000000E+000 -0.65955185E-096 -0.99126407E-094
 -0.10832983E+002  0.00000000E+000  0.24614810E-095  0.36994479E-093
 -0.10809934E+002  0.00000000E+000 -0.91863722E-095 -0.13806527E-092
 -0.10786885E+002  0.00000000E+000  0.34284008E-094  0.51526662E-092
 -0.10763836E+002  0.00000000E+000 -0.12794966E-093 -0.19230012E-091
 -0.10740787E+002  0.00000000E+000  0.47751463E-093  0.71767382E-091
 -0.10717738E+002  0.00000000E+000 -0.17821089E-092 -0.26783952E-090
 -0.10694690E+002  0.00000000E+000  0.66509208E-092  0.99959068E-090
 -0.10671641E+002  0.00000000E+000 -0.24821574E-091 -0.37305232E-089
 -0.10648592E+002  0.00000000E+000  0.92635377E-091  0.13922502E-088
 -0.10625543E+002  0.00000000E+000 -0.34571993E-090 -0.51959485E-088
 -0.10602494E+002  0.00000000E+000  0.12902444E-089  0.19391544E-087
 -0.10579445E+002  0.00000000E+000 -0.48152575E-089 -0.72370227E-087
 -0.10556396E+002  0.00000000E+000  0.17970786E-088  0.27008936E-086
 -0.10533347E+002  0.00000000E+000 -0.67067885E-088 -0.10079872E-085
 -0.10510298E+002  0.00000000E+000  0.25030075E-087  0.37618596E-085
 -0.10487249E+002  0.00000000E+000 -0.93413513E-087 -0.14039451E-084
 -0.10464201E+002  0.00000000E+000  0.34862398E-086  0.52395945E-084
 -0.10441152E+002  0.00000000E+000 -0.13010824E-085 -0.19554433E-083
 -0.10418103E+002  0.00000000E+000  0.48557056E-085  0.72978136E-083
 -0.10395054E+002  0.00000000E+000 -0.18121740E-084 -0.27235811E-082
 -0.10372005E+002  0.00000000E+000  0.67631254E-084  0.10164543E-081
 -0.10348956E+002  0.00000000E+000 -0.25240328E-083 -0.37934591E-081
 -0.10325907E+002  0.00000000E+000  0.94198185E-083  0.14157382E-080
 -0.10302858E+002  0.00000000E+000 -0.35155241E-082 -0.52836070E-080
 -0.10279809E+002  0.00000000E+000  0.13120115E-081  0.19718690E-079
 -0.10256760E+002  0.00000000E+000 -0.48964935E-081 -0.73591152E-079
 -0.10233712E+002  0.00000000E+000  0.18273962E-080  0.27464592E-078
 -0.10210663E+002  0.00000000E+000 -0.68199356E-080 -0.10249925E-077
 -0.10187614E+002  0.00000000E+000  0.25452346E-079  0.38253242E-077
 -0.10164565E+002  0.00000000E+000 -0.94989449E-079 -0.14276304E-076
 -0.10141516E+002  0.00000000E+000  0.35450545E-078  0.53279892E-076
 -0.10118467E+002  0.00000000E+000 -0.13230324E-077 -0.19884327E-075
 -0.10095418E+002  0.00000000E+000  0.49376240E-077  0.74209317E-075
 -0.10072369E+002  0.00000000E+000 -0.18427463E-076 -0.27695294E-074
 -0.10049320E+002  0.00000000E+000  0.68772230E-076  0.10336024E-073
 -0.10026271E+002  0.00000000E+000 -0.25666146E-075 -0.38574569E-073
 -0.10003223E+002  0.00000000E+000  0.95787360E-075  0.14396225E-072
 -0.99801736E+001  0.00000000E+000 -0.35748329E-074 -0.53727443E-072
 -0.99571247E+001  0.00000000E+000  0.13341458E-073  0.20051355E-071
 -0.99340758E+001  0.00000000E+000 -0.49791000E-073 -0.74832675E-071
 -0.99110269E+001  0.00000000E+000  0.18582254E-072  0.27927934E-070
 -0.98879780E+001  0.00000000E+000 -0.69349916E-072 -0.10422847E-069
 -0.98649291E+001  0.00000000E+000  0.25881741E-071  0.38898595E-069
 -0.98418802E+001  0.00000000E+000 -0.96591972E-071 -0.14517153E-068
 -0.98188313E+001  0.00000000E+000  0.36048615E-070  0.54178753E-068
 -0.97957824E+001  0.00000000E+000 -0.13453526E-069 -0.20219786E-067
 -0.97727335E+001  0.00000000E+000  0.50209243E-069  0.75461268E-067
 -0.97496846E+001  0.00000000E+000 -0.18738345E-068 -0.28162529E-066
 -0.97266357E+001  0.00000000E+000  0.69932455E-068  0.10510399E-065
 -0.97035868E+001  0.00000000E+000 -0.26099147E-067 -0.39225342E-065
 -0.96805379E+001  0.00000000E+000  0.97403344E-067  0.14639097E-064
 -0.96574890E+001  0.00000000E+000 -0.36351423E-066 -0.54633854E-064
 -0.96344401E+001  0.00000000E+000  0.13566536E-065  0.20389632E-063
 -0.96113912E+001  0.00000000E+000 -0.50631001E-065 -0.76095142E-063
 -0.95883423E+001  0.00000000E+000  0.18895747E-064  0.28399094E-062
 -0.95652934E+001  0.00000000E+000 -0.70519887E-064 -0.10598686E-061
 -0.95422445E+001  0.00000000E+000  0.26318380E-063  0.39554835E-061
 -0.95191956E+001  0.00000000E+000 -0.98221531E-063 -0.14762065E-060
 -0.94961467E+001  0.00000000E+000  0.36656774E-062  0.55092778E-060
 -0.94730978E+001  0.00000000E+000 -0.13680494E-061 -0.20560905E-059
 -0.94500489E+001  0.00000000E+000  0.51056300E-061  0.76734341E-059
 -0.94270000E+001  0.00000000E+000 -0.19054471E-060 -0.28637646E-058
 -0.94039511E+001  0.00000000E+000  0.71112253E-060  0.10687715E-057
 -0.93809022E+001  0.00000000E+000 -0.26539454E-059 -0.39887095E-057
 -0.93578533E+001  0.00000000E+000  0.99046591E-059  0.14886067E-056
 -0.93348044E+001  0.00000000E+000 -0.36964691E-058 -0.55555557E-056
 -0.93117555E+001  0.00000000E+000  0.13795410E-057  0.20733616E-055
 -0.92887066E+001  0.00000000E+000 -0.51485173E-057 -0.77378908E-055
 -0.92656577E+001  0.00000000E+000  0.19214528E-056  0.28878202E-054
 -0.92426088E+001  0.00000000E+000 -0.71709595E-056 -0.10777492E-053
 -0.92195599E+001  0.00000000E+000  0.26762385E-055  0.40222146E-053
 -0.91965110E+001  0.00000000E+000 -0.99878581E-055 -0.15011109E-052
 -0.91734621E+001  0.00000000E+000  0.37275194E-054  0.56022223E-052
 -0.91504132E+001  0.00000000E+000 -0.13911292E-053 -0.20907778E-051
 -0.91273643E+001  0.00000000E+000  0.51917648E-053  0.78028890E-051
 -0.91043154E+001  0.00000000E+000 -0.19375930E-052 -0.29120778E-050
 -0.90812665E+001  0.00000000E+000  0.72311955E-052  0.10868022E-049
 -0.90582176E+001  0.00000000E+000 -0.26987189E-051 -0.40560012E-049
 -0.90351687E+001  0.00000000E+000  0.10071756E-050  0.15137203E-048
 -0.90121198E+001  0.00000000E+000 -0.37588305E-050 -0.56492809E-048
 -0.89890709E+001  0.00000000E+000  0.14028147E-049  0.21083403E-047
 -0.89660220E+001  0.00000000E+000 -0.52353756E-049 -0.78684332E-047
 -0.89429731E+001  0.00000000E+000  0.19538688E-048  0.29365393E-046
 -0.89199242E+001  0.00000000E+000 -0.72919375E-048 -0.10959314E-045
 -0.88968753E+001  0.00000000E+000  0.27213881E-047  0.40900716E-045
 -0.88738264E+001  0.00000000E+000 -0.10156359E-046 -0.15264355E-044
 -0.88507775E+001  0.00000000E+000  0.37904047E-046  0.56967348E-044
 -0.88277286E+001  0.00000000E+000 -0.14145983E-045 -0.21260504E-043
 -0.88046797E+001  0.00000000E+000  0.52793527E-045  0.79345280E-043
 -0.87816308E+001  0.00000000E+000 -0.19702812E-044 -0.29612062E-042
 -0.87585819E+001  0.00000000E+000  0.73531897E-044  0.11051372E-041
 -0.87355330E+001  0.00000000E+000 -0.27442477E-043 -0.41244281E-041
 -0.87124841E+001  0.00000000E+000  0.10241672E-042  0.15392575E-040
 -0.86894352E+001  0.00000000E+000 -0.38222440E-042 -0.57445873E-040
 -0.86663863E+001  0.00000000E+000  0.14264809E-041  0.21439092E-039
 -0.86433374E+001  0.00000000E+000 -0.53236992E-041 -0.80011779E-039
 -0.86202885E+001  0.00000000E+000  0.19868316E-040  0.29860803E-038
 -0.85972396E+001  0.58039360E-302 -0.74149564E-040 -0.11144203E-037
 -0.85741907E+001  0.11889457E-291  0.27672994E-039  0.41590733E-037
 -0.85511418E+001  0.12799684E-281 -0.10327702E-038 -0.15521873E-036
 -0.85280929E+001  0.73583610E-272  0.38543508E-038  0.57928418E-036
 -0.85050440E+001  0.22945453E-262 -0.14384633E-037 -0.21619180E-035
 -0.84819951E+001  0.39407646E-253  0.53684182E-037  0.80683878E-035
 -0.84589462E+001  0.37836961E-244 -0.20035209E-036 -0.30111633E-034
 -0.84358973E+001  0.20608181E-235  0.74772420E-036  0.11237814E-033
 -0.84128484E+001  0.64586509E-227 -0.27905447E-035 -0.41940094E-033
 -0.83897995E+001  0.11810610E-218  0.10414455E-034  0.15652256E-032
 -0.83667506E+001  0.12774453E-210 -0.38867274E-034 -0.58415016E-032
 -0.83437017E+001  0.82818505E-203  0.14505464E-033  0.21800781E-031
 -0.83206528E+001  0.32603971E-195 -0.54135128E-033 -0.81361621E-031
 -0.82976039E+001  0.78937769E-188  0.20203505E-032  0.30364570E-030
 -0.82745550E+001  0.11900265E-180 -0.75400507E-032 -0.11332212E-029
 -0.82515061E+001  0.11307009E-173  0.28139852E-031  0.42292391E-029
 -0.82284572E+001  0.68517013E-167 -0.10501936E-030 -0.15783735E-028
 -0.82054083E+001  0.26787355E-160  0.39193758E-030  0.58905701E-028
 -0.81823594E+001  0.68335541E-154 -0.14627310E-029 -0.21983907E-027
 -0.81593105E+001  0.11501101E-147  0.54589863E-029  0.82045058E-027
 -0.81362616E+001  0.12908838E-141 -0.20373214E-028 -0.30619633E-026
 -0.81132127E+001  0.97647131E-136  0.76033871E-028  0.11427402E-025
 -0.80901638E+001  0.50294352E-130 -0.28376227E-027 -0.42647647E-025
 -0.80671149E+001  0.17816582E-124  0.10590152E-026  0.15916318E-024
 -0.80440660E+001  0.43835971E-119 -0.39522985E-026 -0.59400509E-024
 -0.80210171E+001  0.75629850E-114  0.14750179E-025  0.22168572E-023
 -0.79979682E+001  0.92356902E-109 -0.55048417E-025 -0.82734236E-023
 -0.79749193E+001  0.80560110E-104  0.20544349E-024  0.30876837E-022
 -0.79518704E+001  0.50642172E-099 -0.76672554E-024 -0.11523393E-021
 -0.79288215E+001  0.23143078E-094  0.28614587E-023  0.43005886E-021
 -0.79057726E+001  0.77540979E-090 -0.10679109E-022 -0.16050015E-020
 -0.78827237E+001  0.19206111E-085  0.39854978E-022  0.59899472E-020
 -0.78596748E+001  0.35453239E-081 -0.14874080E-021 -0.22354787E-019
 -0.78366259E+001  0.49159393E-077  0.55510823E-021  0.83429203E-019
 -0.78135770E+001  0.51598176E-073 -0.20716921E-020 -0.31136202E-018
 -0.77905281E+001  0.41304901E-069  0.77316603E-020  0.11620189E-017
 -0.77674792E+001  0.25403360E-065 -0.28854949E-019 -0.43367135E-017
 -0.77444303E+001  0.12089502E-061  0.10768814E-018  0.16184835E-016
 -0.77213814E+001  0.44831448E-058 -0.40189760E-018 -0.60402627E-016
 -0.76983325E+001  0.13042753E-054  0.14999022E-017  0.22542567E-015
 -0.76752836E+001  0.29967471E-051 -0.55977114E-017 -0.84130007E-015
 -0.76522347E+001  0.54731299E-048  0.20890943E-016  0.31397746E-014
 -0.76291858E+001  0.79958832E-045 -0.77966062E-016 -0.11717798E-013
 -0.76061369E+001  0.94018328E-042  0.29097330E-015  0.43731419E-013
 -0.75830880E+001  0.89510620E-039 -0.10859272E-014 -0.16320788E-012
 -0.75600391E+001  0.69403531E-036  0.40527353E-014  0.60910009E-012
 -0.75369902E+001  0.44074363E-033 -0.15125014E-013 -0.22731925E-011
 -0.75139413E+001  0.23049008E-030  0.56447321E-013  0.84836698E-011
 -0.74908924E+001  0.99776976E-028 -0.21066427E-012 -0.31661487E-010
 -0.74678435E+001  0.35925126E-025  0.78620976E-012  0.11816228E-009
 -0.74447946E+001  0.10802937E-022 -0.29341748E-011 -0.44098762E-009
 -0.74217457E+001  0.27205996E-020  0.10950490E-010  0.16457882E-008
 -0.73986968E+001  0.57390178E-018 -0.40867709E-010 -0.61421589E-008
 -0.73756479E+001  0.10080172E-015  0.15253347E-009  0.22923973E-007
 -0.73525990E+001  0.14490397E-013 -0.56738019E-009 -0.85392348E-007
 -0.73295501E+001  0.16556785E-011  0.23324741E-008  0.33701861E-006
 -0.73065012E+001  0.14337152E-009  0.98965569E-008  0.31933227E-006
 -0.72834523E+001  0.88781915E-008  0.11134340E-005  0.95436856E-004
 -0.72604034E+001  0.37376165E-006  0.44165796E-004  0.36403044E-002
 -0.72373545E+001  0.10319364E-004  0.11642161E-002  0.93548744E-001
 -0.72143056E+001  0.18381995E-003  0.19175969E-001  0.14693677E+001
 -0.71912567E+001  0.21189065E-002  0.19658152E+000  0.13924473E+002
 -0.71682078E+001  0.16112010E-001  0.12676803E+001  0.79016949E+002
 -0.71451589E+001  0.83356481E-001  0.53064222E+001  0.27143291E+003
 -0.71221100E+001  0.30483398E+000  0.15086122E+002  0.57717156E+003
 -0.70990611E+001  0.82149402E+000  0.30423637E+002  0.75369590E+003
 -0.70760122E+001  0.17016641E+001  0.45028028E+002  0.51355686E+003
 -0.70529633E+001  0.28215940E+001  0.49793370E+002 -0.10005844E+003
 -0.70299144E+001  0.38884924E+001  0.40431812E+002 -0.71226300E+003
 -0.70068655E+001  0.46064456E+001  0.20792203E+002 -0.99190590E+003
 -0.69838166E+001  0.48308318E+001 -0.94756463E+000 -0.89449805E+003
 -0.69607677E+001  0.45988444E+001 -0.17991301E+002 -0.58442167E+003
 -0.69377188E+001  0.40586385E+001 -0.27594409E+002 -0.24885955E+003
 -0.69146699E+001  0.33789545E+001 -0.30409566E+002  0.45826070E+001
 -0.68916210E+001  0.26921867E+001 -0.28622048E+002  0.15052397E+003
 -0.68685721E+001  0.20776181E+001 -0.24481661E+002  0.20874583E+003
 -0.68455232E+001  0.15690153E+001 -0.19641104E+002  0.21127922E+003
 -0.68224743E+001  0.11701575E+001 -0.15067229E+002  0.18560522E+003
 -0.67994254E+001  0.86902505E+000 -0.11199356E+002  0.15001793E+003
 -0.67763765E+001  0.64761356E+000 -0.81486507E+001  0.11469802E+003
 -0.67533277E+001  0.48757146E+000 -0.58552987E+001  0.84300801E+002
 -0.67302788E+001  0.37287596E+000 -0.41894654E+001  0.60246950E+002
 -0.67072299E+001  0.29072574E+000 -0.30078961E+001  0.42280224E+002
 -0.66841810E+001  0.23148821E+000 -0.21817051E+001  0.29410056E+002
 -0.66611321E+001  0.18822144E+000 -0.16070439E+001  0.20454468E+002
 -0.66380832E+001  0.15607175E+000 -0.12061799E+001  0.14329313E+002
 -0.66150343E+001  0.13170839E+000 -0.92386468E+000  0.10167756E+002
 -0.65919854E+001  0.11286427E+000 -0.72216256E+000  0.73343472E+001
 -0.65689365E+001  0.97995118E-001 -0.57553918E+000  0.53884622E+001
 -0.65458876E+001  0.86041007E-001 -0.46694445E+000  0.40345241E+001
 -0.65228387E+001  0.76265392E-001 -0.38498189E+000  0.30775344E+001
 -0.64997898E+001  0.68148536E-001 -0.32197732E+000  0.23895002E+001
 -0.64767409E+001  0.61317459E-001 -0.27270272E+000  0.18861576E+001
 -0.64536920E+001  0.55499807E-001 -0.23354573E+000  0.15115736E+001
 -0.64306431E+001  0.50493257E-001 -0.20197142E+000  0.12281943E+001
 -0.64075942E+001  0.46145000E-001 -0.17617213E+000  0.10104620E+001
 -0.63845453E+001  0.42337803E-001 -0.15483816E+000  0.84072995E+000
 -0.63614964E+001  0.38980400E-001 -0.13700567E+000  0.70663232E+000
 -0.63384475E+001  0.36000773E-001 -0.12195468E+000  0.59937267E+000
 -0.63153986E+001  0.33341378E-001 -0.10913976E+000  0.51260362E+000
 -0.62923497E+001  0.30955707E-001 -0.98142173E-001  0.44167950E+000
 -0.62693008E+001  0.28805778E-001 -0.88636421E-001  0.38315393E+000
 -0.62462519E+001  0.26860268E-001 -0.80366572E-001  0.33443775E+000
 -0.62232030E+001  0.25093123E-001 -0.73129220E-001  0.29356206E+000
 -0.62001541E+001  0.23482494E-001 -0.66761099E-001  0.25901276E+000
 -0.61771052E+001  0.22009921E-001 -0.61129951E-001  0.22961336E+000
 -0.61540563E+001  0.20659705E-001 -0.56127727E-001  0.20443985E+000
 -0.61310074E+001  0.19418408E-001 -0.51665463E-001  0.18275986E+000
 -0.61079585E+001  0.18274460E-001 -0.47669374E-001  0.16398898E+000
 -0.60849096E+001  0.17217847E-001 -0.44077837E-001  0.14765600E+000
 -0.60618607E+001  0.16239858E-001 -0.40839072E-001  0.13337824E+000
 -0.60388118E+001  0.15332881E-001 -0.37909310E-001  0.12084316E+000
 -0.60157629E+001  0.14490234E-001 -0.35251349E-001  0.10979351E+000
 -0.59927140E+001  0.13706027E-001 -0.32833406E-001  0.10001633E+000
 -0.59696651E+001  0.12975052E-001 -0.30628196E-001  0.91334218E-001
 -0.59466162E+001  0.12292681E-001 -0.28612190E-001  0.83598785E-001
 -0.59235673E+001  0.11654796E-001 -0.26765006E-001  0.76685108E-001
 -0.59005184E+001  0.11057713E-001 -0.25068926E-001  0.70487257E-001
 -0.58774695E+001  0.10498131E-001 -0.23508481E-001  0.64915663E-001
 -0.58544206E+001  0.99730853E-002 -0.22070120E-001  0.59893864E-001
 -0.58313717E+001  0.94799008E-002 -0.20741931E-001  0.55355856E-001
 -0.58083228E+001  0.90161622E-002 -0.19513410E-001  0.51245398E-001
 -0.57852739E+001  0.85796812E-002 -0.18375264E-001  0.47513873E-001
 -0.57622250E+001  0.81684719E-002 -0.17319247E-001  0.44118857E-001
 -0.57391761E+001  0.77807274E-002 -0.16338025E-001  0.41023730E-001
 -0.57161272E+001  0.74148005E-002 -0.15425056E-001  0.38196509E-001
 -0.56930783E+001  0.70691869E-002 -0.14574487E-001  0.35609095E-001
 -0.56700294E+001  0.67425097E-002 -0.13781073E-001  0.33236978E-001
 -0.56469805E+001  0.64335068E-002 -0.13040102E-001  0.31058621E-001
 -0.56239316E+001  0.61410194E-002 -0.12347327E-001  0.29054870E-001
 -0.56008827E+001  0.58639813E-002 -0.11698919E-001  0.27208849E-001
 -0.55778338E+001  0.56014107E-002 -0.11091413E-001  0.25505674E-001
 -0.55547849E+001  0.53524015E-002 -0.10521670E-001  0.23932039E-001
 -0.55317360E+001  0.51161166E-002 -0.99868430E-002  0.22476030E-001
 -0.55086871E+001  0.48917816E-002 -0.94843400E-002  0.21127180E-001
 -0.54856382E+001  0.46786792E-002 -0.90118004E-002  0.19876042E-001
 -0.54625893E+001  0.44761438E-002 -0.85670709E-002  0.18714043E-001
 -0.54395404E+001  0.42835575E-002 -0.81481840E-002  0.17633627E-001
 -0.54164915E+001  0.41003457E-002 -0.77533380E-002  0.16627961E-001
 -0.53934426E+001  0.39259737E-002 -0.73808815E-002  0.15690853E-001
 -0.53703937E+001  0.37599430E-002 -0.70292984E-002  0.14816732E-001
 -0.53473448E+001  0.36017888E-002 -0.66971950E-002  0.14000550E-001
 -0.53242959E+001  0.34510772E-002 -0.63832888E-002  0.13237737E-001
 -0.53012470E+001  0.33074025E-002 -0.60863973E-002  0.12524142E-001
 -0.52781981E+001  0.31703853E-002 -0.58054296E-002  0.11855998E-001
 -0.52551492E+001  0.30396704E-002 -0.55393777E-002  0.11229863E-001
 -0.52321003E+001  0.29149248E-002 -0.52873090E-002  0.10642652E-001
 -0.52090514E+001  0.27958363E-002 -0.50483599E-002  0.10091447E-001
 -0.51860025E+001  0.26821118E-002 -0.48217307E-002  0.95736339E-002
 -0.51629536E+001  0.25734762E-002 -0.46066781E-002  0.90869183E-002
 -0.51399047E+001  0.24696705E-002 -0.44025117E-002  0.86290127E-002
 -0.51168558E+001  0.23704513E-002 -0.42085904E-002  0.81979363E-002
 -0.50938069E+001  0.22755896E-002 -0.40243167E-002  0.77918692E-002
 -0.50707580E+001  0.21848694E-002 -0.38491344E-002  0.74090508E-002
 -0.50477091E+001  0.20980871E-002 -0.36825250E-002  0.70479862E-002
 -0.50246602E+001  0.20150509E-002 -0.35240041E-002  0.67071961E-002
 -0.50016113E+001  0.19355796E-002 -0.33731198E-002  0.63853488E-002
 -0.49785624E+001  0.18595021E-002 -0.32294490E-002  0.60812513E-002
 -0.49555135E+001  0.17866567E-002 -0.30925965E-002  0.57937205E-002
 -0.49324646E+001  0.17168907E-002 -0.29621922E-002  0.55217328E-002
 -0.49094157E+001  0.16500593E-002 -0.28378889E-002  0.52643118E-002
 -0.48863668E+001  0.15860258E-002 -0.27193616E-002  0.50205446E-002
 -0.48633179E+001  0.15246607E-002 -0.26063050E-002  0.47896059E-002
 -0.48402690E+001  0.14658411E-002 -0.24984326E-002  0.45707035E-002
 -0.48172201E+001  0.14094507E-002 -0.23954751E-002  0.43631254E-002
 -0.47941712E+001  0.13553791E-002 -0.22971795E-002  0.41661885E-002
 -0.47711223E+001  0.13035218E-002 -0.22033076E-002  0.39792686E-002
 -0.47480734E+001  0.12537792E-002 -0.21136352E-002  0.38017897E-002
 -0.47250245E+001  0.12060572E-002 -0.20279512E-002  0.36331861E-002
 -0.47019756E+001  0.11602660E-002 -0.19460566E-002  0.34729724E-002
 -0.46789267E+001  0.11163206E-002 -0.18677638E-002  0.33206532E-002
 -0.46558778E+001  0.10741399E-002 -0.17928958E-002  0.31757910E-002
 -0.46328289E+001  0.10336470E-002 -0.17212855E-002  0.30379843E-002
 -0.46097800E+001  0.99476863E-003 -0.16527750E-002  0.29068143E-002
 -0.45867311E+001  0.95743506E-003 -0.15872152E-002  0.27819434E-002
 -0.45636822E+001  0.92157992E-003 -0.15244650E-002  0.26630201E-002
 -0.45406333E+001  0.88714001E-003 -0.14643911E-002  0.25497129E-002
 -0.45175844E+001  0.85405512E-003 -0.14068673E-002  0.24417439E-002
 -0.44945355E+001  0.82226785E-003 -0.13517740E-002  0.23388152E-002
 -0.44714866E+001  0.79172351E-003 -0.12989981E-002  0.22406561E-002
 -0.44484377E+001  0.76236992E-003 -0.12484324E-002  0.21470347E-002
 -0.44253888E+001  0.73415733E-003 -0.11999750E-002  0.20577101E-002
 -0.44023399E+001  0.70703826E-003 -0.11535296E-002  0.19724471E-002
 -0.43792910E+001  0.68096739E-003 -0.11090049E-002  0.18910539E-002
 -0.43562421E+001  0.65590148E-003 -0.10663138E-002  0.18133403E-002
 -0.43331932E+001  0.63179922E-003 -0.10253739E-002  0.17391018E-002
 -0.43101443E+001  0.60862115E-003 -0.98610694E-003  0.16681698E-002
 -0.42870954E+001  0.58632958E-003 -0.94843857E-003  0.16003918E-002
 -0.42640465E+001  0.56488848E-003 -0.91229790E-003  0.15356075E-002
 -0.42409976E+001  0.54426343E-003 -0.87761772E-003  0.14736626E-002
 -0.42179487E+001  0.52442150E-003 -0.84433415E-003  0.14144208E-002
 -0.41948998E+001  0.50533122E-003 -0.81238629E-003  0.13577596E-002
 -0.41718509E+001  0.48696247E-003 -0.78171611E-003  0.13035543E-002
 -0.41488020E+001  0.46928644E-003 -0.75226846E-003  0.12516784E-002
 -0.41257531E+001  0.45227556E-003 -0.72399089E-003  0.12020243E-002
 -0.41027042E+001  0.43590344E-003 -0.69683334E-003  0.11544913E-002
 -0.40796553E+001  0.42014483E-003 -0.67074808E-003  0.11089804E-002
 -0.40566064E+001  0.40497554E-003 -0.64568959E-003  0.10653958E-002
 -0.40335575E+001  0.39037241E-003 -0.62161455E-003  0.10236439E-002
 -0.40105086E+001  0.37631324E-003 -0.59848167E-003  0.98364367E-003
 -0.39874597E+001  0.36277679E-003 -0.57625148E-003  0.94531484E-003
 -0.39644108E+001  0.34974267E-003 -0.55488633E-003  0.90858282E-003
 -0.39413619E+001  0.33719138E-003 -0.53435025E-003  0.87337529E-003
 -0.39183130E+001  0.32510419E-003 -0.51460893E-003  0.83961882E-003
 -0.38952641E+001  0.31346318E-003 -0.49562967E-003  0.80725031E-003
 -0.38722152E+001  0.30225114E-003 -0.47738117E-003  0.77620936E-003
 -0.38491663E+001  0.29145158E-003 -0.45983352E-003  0.74643557E-003
 -0.38261174E+001  0.28104866E-003 -0.44295815E-003  0.71787487E-003
 -0.38030685E+001  0.27102723E-003 -0.42672771E-003  0.69047344E-003
 -0.37800196E+001  0.26137270E-003 -0.41111610E-003  0.66417750E-003
 -0.37569707E+001  0.25207111E-003 -0.39609839E-003  0.63894024E-003
 -0.37339218E+001  0.24310906E-003 -0.38165068E-003  0.61471669E-003
 -0.37108729E+001  0.23447365E-003 -0.36775013E-003  0.59146242E-003
 -0.36878240E+001  0.22615255E-003 -0.35437488E-003  0.56913575E-003
 -0.36647751E+001  0.21813388E-003 -0.34150398E-003  0.54769786E-003
 -0.36417262E+001  0.21040625E-003 -0.32911741E-003  0.52711054E-003
 -0.36186773E+001  0.20295872E-003 -0.31719598E-003  0.50733573E-003
 -0.35956284E+001  0.19578078E-003 -0.30572137E-003  0.48834015E-003
 -0.35725795E+001  0.18886234E-003 -0.29467597E-003  0.47009110E-003
 -0.35495306E+001  0.18219369E-003 -0.28404295E-003  0.45255794E-003
 -0.35264817E+001  0.17576554E-003 -0.27380617E-003  0.43570871E-003
 -0.35034328E+001  0.16956891E-003 -0.26395017E-003  0.41951596E-003
 -0.34803839E+001  0.16359520E-003 -0.25446011E-003  0.40395609E-003
 -0.34573350E+001  0.15783615E-003 -0.24532175E-003  0.38899792E-003
 -0.34342861E+001  0.15228381E-003 -0.23652151E-003  0.37461699E-003
 -0.34112372E+001  0.14693053E-003 -0.22804633E-003  0.36079164E-003
 -0.33881883E+001  0.14176898E-003 -0.21988368E-003  0.34749801E-003
 -0.33651394E+001  0.13679207E-003 -0.21202155E-003  0.33471485E-003
 -0.33420905E+001  0.13199303E-003 -0.20444842E-003  0.32242127E-003
 -0.33190416E+001  0.12736531E-003 -0.19715323E-003  0.31059736E-003
 -0.32959927E+001  0.12290264E-003 -0.19012537E-003  0.29922454E-003
 -0.32729438E+001  0.11859898E-003 -0.18335465E-003  0.28828463E-003
 -0.32498949E+001  0.11444850E-003 -0.17683130E-003  0.27775943E-003
 -0.32268460E+001  0.11044562E-003 -0.17054596E-003  0.26763270E-003
 -0.32037971E+001  0.10658495E-003 -0.16448961E-003  0.25788883E-003
 -0.31807482E+001  0.10286131E-003 -0.15865361E-003  0.24851241E-003
 -0.31576993E+001  0.99269734E-004 -0.15302967E-003  0.23948894E-003
 -0.31346504E+001  0.95805414E-004 -0.14760980E-003  0.23080442E-003
 -0.31116015E+001  0.92463738E-004 -0.14238634E-003  0.22244551E-003
 -0.30885526E+001  0.89240265E-004 -0.13735194E-003  0.21439937E-003
 -0.30655037E+001  0.86130718E-004 -0.13249954E-003  0.20665375E-003
 -0.30424548E+001  0.83130981E-004 -0.12782233E-003  0.19919690E-003
 -0.30194059E+001  0.80237094E-004 -0.12331380E-003  0.19201750E-003
 -0.29963570E+001  0.77445239E-004 -0.11896767E-003  0.18510482E-003
 -0.29733081E+001  0.74751744E-004 -0.11477792E-003  0.17844866E-003
 -0.29502592E+001  0.72153072E-004 -0.11073874E-003  0.17203883E-003
 -0.29272103E+001  0.69645818E-004 -0.10684458E-003  0.16586569E-003
 -0.29041614E+001  0.67226699E-004 -0.10309008E-003  0.15992030E-003
 -0.28811125E+001  0.64892559E-004 -0.99470082E-004  0.15419391E-003
 -0.28580636E+001  0.62640352E-004 -0.95979649E-004  0.14867811E-003
 -0.28350147E+001  0.60467149E-004 -0.92614014E-004  0.14336483E-003
 -0.28119658E+001  0.58370126E-004 -0.89368601E-004  0.13824634E-003
 -0.27889169E+001  0.56346563E-004 -0.86239003E-004  0.13331522E-003
 -0.27658680E+001  0.54393841E-004 -0.83220985E-004  0.12856432E-003
 -0.27428191E+001  0.52509433E-004 -0.80310472E-004  0.12398683E-003
 -0.27197702E+001  0.50690909E-004 -0.77503543E-004  0.11957614E-003
 -0.26967213E+001  0.48935924E-004 -0.74796425E-004  0.11532601E-003
 -0.26736724E+001  0.47242219E-004 -0.72185489E-004  0.11123025E-003
 -0.26506235E+001  0.45607619E-004 -0.69667240E-004  0.10728333E-003
 -0.26275746E+001  0.44030026E-004 -0.67238319E-004  0.10347913E-003
 -0.26045257E+001  0.42507419E-004 -0.64895494E-004  0.99812505E-004
 -0.25814768E+001  0.41037849E-004 -0.62635645E-004  0.96279217E-004
 -0.25584279E+001  0.39619439E-004 -0.60455768E-004  0.92873167E-004
 -0.25353790E+001  0.38250379E-004 -0.58352985E-004  0.89589631E-004
 -0.25123301E+001  0.36928924E-004 -0.56324518E-004  0.86424518E-004
 -0.24892812E+001  0.35653392E-004 -0.54367693E-004  0.83373170E-004
 -0.24662323E+001  0.34422163E-004 -0.52479935E-004  0.80431464E-004
 -0.24431834E+001  0.33233671E-004 -0.50658764E-004  0.77595298E-004
 -0.24201345E+001  0.32086412E-004 -0.48901791E-004  0.74860777E-004
 -0.23970856E+001  0.30978931E-004 -0.47206718E-004  0.72224142E-004
 -0.23740367E+001  0.29909827E-004 -0.45571331E-004  0.69681779E-004
 -0.23509878E+001  0.28877751E-004 -0.43993495E-004  0.67230215E-004
 -0.23279389E+001  0.27881398E-004 -0.42471158E-004  0.64866110E-004
 -0.23048900E+001  0.26919512E-004 -0.41002340E-004  0.62586248E-004
 -0.22818411E+001  0.25990883E-004 -0.39585134E-004  0.60387539E-004
 -0.22587922E+001  0.25094342E-004 -0.38217706E-004  0.58267007E-004
 -0.22357433E+001  0.24228762E-004 -0.36898285E-004  0.56221802E-004
 -0.22126944E+001  0.23393057E-004 -0.35625169E-004  0.54249138E-004
 -0.21896455E+001  0.22586177E-004 -0.34396713E-004  0.52346450E-004
 -0.21665966E+001  0.21807113E-004 -0.33211337E-004  0.50511029E-004
 -0.21435477E+001  0.21054889E-004 -0.32067518E-004  0.48740478E-004
 -0.21204988E+001  0.20328563E-004 -0.30963785E-004  0.47032719E-004
 -0.20974499E+001  0.19627229E-004 -0.29898719E-004  0.45385163E-004
 -0.20744010E+001  0.18950011E-004 -0.28870960E-004  0.43795618E-004
 -0.20513521E+001  0.18296065E-004 -0.27879192E-004  0.42262118E-004
 -0.20283032E+001  0.17664575E-004 -0.26922148E-004  0.40782561E-004
 -0.20052543E+001  0.17054756E-004 -0.25998606E-004  0.39355038E-004
 -0.19822054E+001  0.16465848E-004 -0.25107390E-004  0.37977630E-004
 -0.19591565E+001  0.15897121E-004 -0.24247363E-004  0.36648608E-004
 -0.19361076E+001  0.15347867E-004 -0.23417433E-004  0.35366088E-004
 -0.19130587E+001  0.14817405E-004 -0.22616547E-004  0.34128450E-004
 -0.18900098E+001  0.14305079E-004 -0.21843685E-004  0.32934335E-004
 -0.18669609E+001  0.13810252E-004 -0.21097866E-004  0.31781892E-004
 -0.18439120E+001  0.13332313E-004 -0.20378147E-004  0.30669630E-004
 -0.18208631E+001  0.12870671E-004 -0.19683616E-004  0.29596237E-004
 -0.17978142E+001  0.12424755E-004 -0.19013394E-004  0.28560263E-004
 -0.17747653E+001  0.11994015E-004 -0.18366635E-004  0.27560401E-004
 -0.17517164E+001  0.11577919E-004 -0.17742519E-004  0.26595360E-004
 -0.17286675E+001  0.11175956E-004 -0.17140260E-004  0.25663908E-004
 -0.17056186E+001  0.10787629E-004 -0.16559096E-004  0.24764857E-004
 -0.16825697E+001  0.10412461E-004 -0.15998294E-004  0.23897065E-004
 -0.16595208E+001  0.10049992E-004 -0.15457146E-004  0.23059433E-004
 -0.16364719E+001  0.96997751E-005 -0.14934970E-004  0.22250904E-004
 -0.16134230E+001  0.93613818E-005 -0.14431105E-004  0.21470462E-004
 -0.15903741E+001  0.90343971E-005 -0.13944916E-004  0.20717132E-004
 -0.15673252E+001  0.87184207E-005 -0.13475789E-004  0.19989974E-004
 -0.15442763E+001  0.84130663E-005 -0.13023131E-004  0.19288088E-004
 -0.15212274E+001  0.81179609E-005 -0.12586370E-004  0.18610608E-004
 -0.14981785E+001  0.78327445E-005 -0.12164951E-004  0.17956703E-004
 -0.14751296E+001  0.75570696E-005 -0.11758343E-004  0.17325579E-004
 -0.14520807E+001  0.72906009E-005 -0.11366027E-004  0.16716470E-004
 -0.14290318E+001  0.70330148E-005 -0.10987505E-004  0.16128645E-004
 -0.14059829E+001  0.67839989E-005 -0.10622294E-004  0.15561405E-004
 -0.13829340E+001  0.65432517E-005 -0.10269929E-004  0.15014079E-004
 -0.13598851E+001  0.63104825E-005 -0.99299563E-005  0.14486026E-004
 -0.13368362E+001  0.60854107E-005 -0.96019398E-005  0.13976634E-004
 -0.13137873E+001  0.58677656E-005 -0.92854559E-005  0.13485321E-004
 -0.12907384E+001  0.56572862E-005 -0.89800943E-005  0.13011527E-004
 -0.12676895E+001  0.54537207E-005 -0.86854573E-005  0.12554724E-004
 -0.12446406E+001  0.52568263E-005 -0.84011591E-005  0.12114406E-004
 -0.12215917E+001  0.50663691E-005 -0.81268254E-005  0.11690092E-004
 -0.11985428E+001  0.48821238E-005 -0.78620924E-005  0.11281325E-004
 -0.11754939E+001  0.47038729E-005 -0.76066069E-005  0.10887672E-004
 -0.11524450E+001  0.45314075E-005 -0.73600253E-005  0.10508720E-004
 -0.11293961E+001  0.43645261E-005 -0.71220132E-005  0.10144077E-004
 -0.11063472E+001  0.42030350E-005 -0.68922450E-005  0.97933705E-005
 -0.10832983E+001  0.40467479E-005 -0.66704038E-005  0.94562462E-005
 -0.10602494E+001  0.38954856E-005 -0.64561803E-005  0.91323661E-005
 -0.10372005E+001  0.37490760E-005 -0.62492729E-005  0.88214070E-005
 -0.10141516E+001  0.36073539E-005 -0.60493875E-005  0.85230586E-005
 -0.99110269E+000  0.34701608E-005 -0.58562368E-005  0.82370219E-005
 -0.96805379E+000  0.33373447E-005 -0.56695404E-005  0.79630067E-005
 -0.94500489E+000  0.32087600E-005 -0.54890244E-005  0.77007293E-005
 -0.92195599E+000  0.30842673E-005 -0.53144216E-005  0.74499103E-005
 -0.89890709E+000  0.29637334E-005 -0.51454711E-005  0.72102716E-005
 -0.87585819E+000  0.28470309E-005 -0.49819183E-005  0.69815339E-005
 -0.85280929E+000  0.27340384E-005 -0.48235154E-005  0.67634137E-005
 -0.82976039E+000  0.26246398E-005 -0.46700208E-005  0.65556208E-005
 -0.80671149E+000  0.25187248E-005 -0.45212001E-005  0.63578547E-005
 -0.78366259E+000  0.24161882E-005 -0.43768258E-005  0.61698025E-005
 -0.76061369E+000  0.23169303E-005 -0.42366777E-005  0.59911359E-005
 -0.73756479E+000  0.22208559E-005 -0.41005434E-005  0.58215087E-005
 -0.71451589E+000  0.21278750E-005 -0.39682190E-005  0.56605551E-005
 -0.69146699E+000  0.20379019E-005 -0.38395088E-005  0.55078876E-005
 -0.66841810E+000  0.19508557E-005 -0.37142267E-005  0.53630962E-005
 -0.64536920E+000  0.18666593E-005 -0.35921961E-005  0.52257477E-005
 -0.62232030E+000  0.17852397E-005 -0.34732507E-005  0.50953860E-005
 -0.59927140E+000  0.17065276E-005 -0.33572350E-005  0.49715328E-005
 -0.57622250E+000  0.16304571E-005 -0.32440047E-005  0.48536901E-005
 -0.55317360E+000  0.15569657E-005 -0.31334272E-005  0.47413414E-005
 -0.53012470E+000  0.14859936E-005 -0.30253821E-005  0.46339582E-005
 -0.50707580E+000  0.14174836E-005 -0.29197610E-005  0.45309967E-005
 -0.48402690E+000  0.13513811E-005 -0.28164683E-005  0.44319257E-005
 -0.46097800E+000  0.12876334E-005 -0.27154209E-005  0.43361573E-005
 -0.43792910E+000  0.12261895E-005 -0.26165474E-005  0.42433019E-005
 -0.41488020E+000  0.11670000E-005 -0.25197921E-005  0.41523517E-005
 -0.39183130E+000  0.11100168E-005 -0.24250987E-005  0.40643875E-005
 -0.36878240E+000  0.10551925E-005 -0.23324633E-005  0.39737781E-005
 -0.34573350E+000  0.10024805E-005 -0.22417603E-005  0.38967052E-005
 -0.32268460E+000  0.95183509E-006 -0.21532961E-005  0.37795067E-005
 -0.29963570E+000  0.90320891E-006 -0.20660537E-005  0.37906981E-005
 -0.27658680E+000  0.85656095E-006 -0.19831865E-005  0.33998612E-005
 -0.25353790E+000  0.81182900E-006 -0.18950318E-005  0.42494955E-005
 -0.23048900E+000  0.76902015E-006 -0.18308263E-005  0.13217504E-005
 -0.20744010E+000  0.72791203E-006 -0.17041331E-005  0.96716790E-005
 -0.18439120E+000  0.68902558E-006 -0.17645795E-005 -0.14916742E-004
 -0.16134230E+000  0.65049021E-006 -0.13146223E-005  0.53960448E-004
 -0.13829340E+000  0.61798175E-006 -0.22238575E-005 -0.13285664E-003
 -0.11524450E+000  0.57381891E-006  0.23066480E-006  0.34584054E-003
 -0.92195599E-001  0.57039744E-006 -0.48922829E-005 -0.79036915E-003
 -0.69146699E-001  0.45834880E-006  0.43091015E-005  0.15887920E-002
 -0.46097800E-001  0.62876877E-006 -0.47466249E-005 -0.23745759E-002
 -0.23048900E-001  0.18991979E-006 -0.20260799E-004  0.10283793E-002
  0.00000000E+000 -0.94959895E-007 -0.84092934E-005  0.00000000E+000
