 -0.23025851E+002  0.24418612E+010 -0.24418670E+010  0.24418728E+010
 -0.23002802E+002  0.23862225E+010 -0.23862282E+010  0.23862271E+010
 -0.22979753E+002  0.23318516E+010 -0.23318573E+010  0.23318580E+010
 -0.22956704E+002  0.22787195E+010 -0.22787252E+010  0.22787255E+010
 -0.22933655E+002  0.22267980E+010 -0.22268038E+010  0.22268041E+010
 -0.22910606E+002  0.21760596E+010 -0.21760654E+010  0.21760657E+010
 -0.22887558E+002  0.21264773E+010 -0.21264831E+010  0.21264834E+010
 -0.22864509E+002  0.20780248E+010 -0.20780305E+010  0.20780308E+010
 -0.22841460E+002  0.20306762E+010 -0.20306819E+010  0.20306823E+010
 -0.22818411E+002  0.19844065E+010 -0.19844122E+010  0.19844126E+010
 -0.22795362E+002  0.19391911E+010 -0.19391968E+010  0.19391971E+010
 -0.22772313E+002  0.18950059E+010 -0.18950116E+010  0.18950119E+010
 -0.22749264E+002  0.18518275E+010 -0.18518332E+010  0.18518335E+010
 -0.22726215E+002  0.18096329E+010 -0.18096386E+010  0.18096389E+010
 -0.22703166E+002  0.17683997E+010 -0.17684054E+010  0.17684058E+010
 -0.22680117E+002  0.17281061E+010 -0.17281117E+010  0.17281121E+010
 -0.22657069E+002  0.16887305E+010 -0.16887362E+010  0.16887365E+010
 -0.22634020E+002  0.16502522E+010 -0.16502578E+010  0.16502582E+010
 -0.22610971E+002  0.16126505E+010 -0.16126562E+010  0.16126565E+010
 -0.22587922E+002  0.15759057E+010 -0.15759113E+010  0.15759117E+010
 -0.22564873E+002  0.15399981E+010 -0.15400037E+010  0.15400040E+010
 -0.22541824E+002  0.15049086E+010 -0.15049142E+010  0.15049146E+010
 -0.22518775E+002  0.14706187E+010 -0.14706243E+010  0.14706247E+010
 -0.22495726E+002  0.14371101E+010 -0.14371157E+010  0.14371160E+010
 -0.22472677E+002  0.14043650E+010 -0.14043705E+010  0.14043709E+010
 -0.22449628E+002  0.13723659E+010 -0.13723715E+010  0.13723719E+010
 -0.22426580E+002  0.13410960E+010 -0.13411016E+010  0.13411020E+010
 -0.22403531E+002  0.13105386E+010 -0.13105442E+010  0.13105446E+010
 -0.22380482E+002  0.12806775E+010 -0.12806830E+010  0.12806834E+010
 -0.22357433E+002  0.12514967E+010 -0.12515023E+010  0.12515027E+010
 -0.22334384E+002  0.12229809E+010 -0.12229864E+010  0.12229868E+010
 -0.22311335E+002  0.11951148E+010 -0.11951203E+010  0.11951207E+010
 -0.22288286E+002  0.11678836E+010 -0.11678891E+010  0.11678895E+010
 -0.22265237E+002  0.11412729E+010 -0.11412784E+010  0.11412788E+010
 -0.22242188E+002  0.11152685E+010 -0.11152740E+010  0.11152744E+010
 -0.22219139E+002  0.10898567E+010 -0.10898621E+010  0.10898625E+010
 -0.22196091E+002  0.10650238E+010 -0.10650293E+010  0.10650297E+010
 -0.22173042E+002  0.10407568E+010 -0.10407623E+010  0.10407627E+010
 -0.22149993E+002  0.10170427E+010 -0.10170482E+010  0.10170486E+010
 -0.22126944E+002  0.99386896E+009 -0.99387441E+009  0.99387480E+009
 -0.22103895E+002  0.97122323E+009 -0.97122867E+009  0.97122906E+009
 -0.22080846E+002  0.94909349E+009 -0.94909892E+009  0.94909931E+009
 -0.22057797E+002  0.92746799E+009 -0.92747341E+009  0.92747380E+009
 -0.22034748E+002  0.90633523E+009 -0.90634064E+009  0.90634103E+009
 -0.22011699E+002  0.88568398E+009 -0.88568938E+009  0.88568977E+009
 -0.21988650E+002  0.86550328E+009 -0.86550867E+009  0.86550906E+009
 -0.21965602E+002  0.84578240E+009 -0.84578779E+009  0.84578818E+009
 -0.21942553E+002  0.82651087E+009 -0.82651625E+009  0.82651664E+009
 -0.21919504E+002  0.80767845E+009 -0.80768381E+009  0.80768421E+009
 -0.21896455E+002  0.78927513E+009 -0.78928048E+009  0.78928088E+009
 -0.21873406E+002  0.77129113E+009 -0.77129648E+009  0.77129687E+009
 -0.21850357E+002  0.75371691E+009 -0.75372225E+009  0.75372264E+009
 -0.21827308E+002  0.73654312E+009 -0.73654845E+009  0.73654884E+009
 -0.21804259E+002  0.71976064E+009 -0.71976596E+009  0.71976635E+009
 -0.21781210E+002  0.70336055E+009 -0.70336587E+009  0.70336626E+009
 -0.21758161E+002  0.68733415E+009 -0.68733945E+009  0.68733985E+009
 -0.21735113E+002  0.67167291E+009 -0.67167821E+009  0.67167860E+009
 -0.21712064E+002  0.65636852E+009 -0.65637381E+009  0.65637420E+009
 -0.21689015E+002  0.64141284E+009 -0.64141812E+009  0.64141851E+009
 -0.21665966E+002  0.62679794E+009 -0.62680321E+009  0.62680360E+009
 -0.21642917E+002  0.61251604E+009 -0.61252130E+009  0.61252169E+009
 -0.21619868E+002  0.59855955E+009 -0.59856480E+009  0.59856520E+009
 -0.21596819E+002  0.58492107E+009 -0.58492631E+009  0.58492671E+009
 -0.21573770E+002  0.57159335E+009 -0.57159858E+009  0.57159898E+009
 -0.21550721E+002  0.55856930E+009 -0.55857453E+009  0.55857492E+009
 -0.21527672E+002  0.54584201E+009 -0.54584723E+009  0.54584762E+009
 -0.21504624E+002  0.53340472E+009 -0.53340992E+009  0.53341032E+009
 -0.21481575E+002  0.52125081E+009 -0.52125601E+009  0.52125640E+009
 -0.21458526E+002  0.50937384E+009 -0.50937902E+009  0.50937942E+009
 -0.21435477E+002  0.49776748E+009 -0.49777266E+009  0.49777305E+009
 -0.21412428E+002  0.48642558E+009 -0.48643075E+009  0.48643114E+009
 -0.21389379E+002  0.47534211E+009 -0.47534727E+009  0.47534766E+009
 -0.21366330E+002  0.46451118E+009 -0.46451633E+009  0.46451672E+009
 -0.21343281E+002  0.45392703E+009 -0.45393217E+009  0.45393257E+009
 -0.21320232E+002  0.44358405E+009 -0.44358918E+009  0.44358958E+009
 -0.21297183E+002  0.43347674E+009 -0.43348186E+009  0.43348225E+009
 -0.21274135E+002  0.42359972E+009 -0.42360483E+009  0.42360523E+009
 -0.21251086E+002  0.41394776E+009 -0.41395286E+009  0.41395326E+009
 -0.21228037E+002  0.40451572E+009 -0.40452081E+009  0.40452121E+009
 -0.21204988E+002  0.39529859E+009 -0.39530367E+009  0.39530407E+009
 -0.21181939E+002  0.38629147E+009 -0.38629655E+009  0.38629694E+009
 -0.21158890E+002  0.37748959E+009 -0.37749466E+009  0.37749505E+009
 -0.21135841E+002  0.36888826E+009 -0.36889332E+009  0.36889371E+009
 -0.21112792E+002  0.36048291E+009 -0.36048796E+009  0.36048836E+009
 -0.21089743E+002  0.35226909E+009 -0.35227412E+009  0.35227452E+009
 -0.21066694E+002  0.34424241E+009 -0.34424744E+009  0.34424784E+009
 -0.21043646E+002  0.33639863E+009 -0.33640365E+009  0.33640405E+009
 -0.21020597E+002  0.32873357E+009 -0.32873858E+009  0.32873898E+009
 -0.20997548E+002  0.32124316E+009 -0.32124817E+009  0.32124856E+009
 -0.20974499E+002  0.31392343E+009 -0.31392842E+009  0.31392882E+009
 -0.20951450E+002  0.30677047E+009 -0.30677546E+009  0.30677585E+009
 -0.20928401E+002  0.29978050E+009 -0.29978548E+009  0.29978587E+009
 -0.20905352E+002  0.29294980E+009 -0.29295476E+009  0.29295516E+009
 -0.20882303E+002  0.28627474E+009 -0.28627969E+009  0.28628009E+009
 -0.20859254E+002  0.27975177E+009 -0.27975671E+009  0.27975711E+009
 -0.20836205E+002  0.27337743E+009 -0.27338236E+009  0.27338276E+009
 -0.20813157E+002  0.26714833E+009 -0.26715325E+009  0.26715365E+009
 -0.20790108E+002  0.26106116E+009 -0.26106608E+009  0.26106647E+009
 -0.20767059E+002  0.25511269E+009 -0.25511760E+009  0.25511800E+009
 -0.20744010E+002  0.24929976E+009 -0.24930466E+009  0.24930505E+009
 -0.20720961E+002  0.24361927E+009 -0.24362417E+009  0.24362456E+009
 -0.20697912E+002  0.23806822E+009 -0.23807311E+009  0.23807350E+009
 -0.20674863E+002  0.23264366E+009 -0.23264853E+009  0.23264893E+009
 -0.20651814E+002  0.22734269E+009 -0.22734755E+009  0.22734795E+009
 -0.20628765E+002  0.22216251E+009 -0.22216736E+009  0.22216776E+009
 -0.20605716E+002  0.21710036E+009 -0.21710520E+009  0.21710560E+009
 -0.20582668E+002  0.21215355E+009 -0.21215839E+009  0.21215878E+009
 -0.20559619E+002  0.20731945E+009 -0.20732428E+009  0.20732468E+009
 -0.20536570E+002  0.20259551E+009 -0.20260033E+009  0.20260072E+009
 -0.20513521E+002  0.19797920E+009 -0.19798401E+009  0.19798441E+009
 -0.20490472E+002  0.19346807E+009 -0.19347287E+009  0.19347327E+009
 -0.20467423E+002  0.18905974E+009 -0.18906453E+009  0.18906492E+009
 -0.20444374E+002  0.18475184E+009 -0.18475663E+009  0.18475702E+009
 -0.20421325E+002  0.18054211E+009 -0.18054688E+009  0.18054728E+009
 -0.20398276E+002  0.17642829E+009 -0.17643306E+009  0.17643345E+009
 -0.20375227E+002  0.17240821E+009 -0.17241297E+009  0.17241336E+009
 -0.20352179E+002  0.16847973E+009 -0.16848448E+009  0.16848487E+009
 -0.20329130E+002  0.16464076E+009 -0.16464550E+009  0.16464589E+009
 -0.20306081E+002  0.16088926E+009 -0.16089399E+009  0.16089439E+009
 -0.20283032E+002  0.15722324E+009 -0.15722796E+009  0.15722836E+009
 -0.20259983E+002  0.15364076E+009 -0.15364547E+009  0.15364586E+009
 -0.20236934E+002  0.15013990E+009 -0.15014460E+009  0.15014500E+009
 -0.20213885E+002  0.14671881E+009 -0.14672350E+009  0.14672390E+009
 -0.20190836E+002  0.14337567E+009 -0.14338035E+009  0.14338075E+009
 -0.20167787E+002  0.14010871E+009 -0.14011338E+009  0.14011378E+009
 -0.20144738E+002  0.13691618E+009 -0.13692084E+009  0.13692124E+009
 -0.20121690E+002  0.13379640E+009 -0.13380105E+009  0.13380145E+009
 -0.20098641E+002  0.13074770E+009 -0.13075234E+009  0.13075274E+009
 -0.20075592E+002  0.12776847E+009 -0.12777310E+009  0.12777350E+009
 -0.20052543E+002  0.12485712E+009 -0.12486175E+009  0.12486214E+009
 -0.20029494E+002  0.12201211E+009 -0.12201672E+009  0.12201712E+009
 -0.20006445E+002  0.11923192E+009 -0.11923653E+009  0.11923692E+009
 -0.19983396E+002  0.11651508E+009 -0.11651968E+009  0.11652007E+009
 -0.19960347E+002  0.11386014E+009 -0.11386473E+009  0.11386513E+009
 -0.19937298E+002  0.11126570E+009 -0.11127028E+009  0.11127068E+009
 -0.19914249E+002  0.10873037E+009 -0.10873494E+009  0.10873534E+009
 -0.19891201E+002  0.10625281E+009 -0.10625738E+009  0.10625777E+009
 -0.19868152E+002  0.10383171E+009 -0.10383626E+009  0.10383666E+009
 -0.19845103E+002  0.10146577E+009 -0.10147031E+009  0.10147071E+009
 -0.19822054E+002  0.99153735E+008 -0.99158271E+008  0.99158668E+008
 -0.19799005E+002  0.96894384E+008 -0.96898911E+008  0.96899308E+008
 -0.19775956E+002  0.94686513E+008 -0.94691030E+008  0.94691428E+008
 -0.19752907E+002  0.92528950E+008 -0.92533458E+008  0.92533855E+008
 -0.19729858E+002  0.90420547E+008 -0.90425046E+008  0.90425443E+008
 -0.19706809E+002  0.88360185E+008 -0.88364675E+008  0.88365072E+008
 -0.19683760E+002  0.86346769E+008 -0.86351250E+008  0.86351647E+008
 -0.19660712E+002  0.84379230E+008 -0.84383701E+008  0.84384098E+008
 -0.19637663E+002  0.82456522E+008 -0.82460984E+008  0.82461381E+008
 -0.19614614E+002  0.80577623E+008 -0.80582076E+008  0.80582474E+008
 -0.19591565E+002  0.78741536E+008 -0.78745980E+008  0.78746378E+008
 -0.19568516E+002  0.76947285E+008 -0.76951720E+008  0.76952117E+008
 -0.19545467E+002  0.75193917E+008 -0.75198343E+008  0.75198740E+008
 -0.19522418E+002  0.73480500E+008 -0.73484917E+008  0.73485314E+008
 -0.19499369E+002  0.71806124E+008 -0.71810532E+008  0.71810929E+008
 -0.19476320E+002  0.70169900E+008 -0.70174298E+008  0.70174695E+008
 -0.19453271E+002  0.68570957E+008 -0.68575346E+008  0.68575743E+008
 -0.19430223E+002  0.67008447E+008 -0.67012827E+008  0.67013224E+008
 -0.19407174E+002  0.65481540E+008 -0.65485910E+008  0.65486308E+008
 -0.19384125E+002  0.63989424E+008 -0.63993785E+008  0.63994182E+008
 -0.19361076E+002  0.62531306E+008 -0.62535658E+008  0.62536056E+008
 -0.19338027E+002  0.61106412E+008 -0.61110755E+008  0.61111153E+008
 -0.19314978E+002  0.59713985E+008 -0.59718319E+008  0.59718716E+008
 -0.19291929E+002  0.58353285E+008 -0.58357610E+008  0.58358007E+008
 -0.19268880E+002  0.57023590E+008 -0.57027905E+008  0.57028303E+008
 -0.19245831E+002  0.55724192E+008 -0.55728498E+008  0.55728895E+008
 -0.19222782E+002  0.54454401E+008 -0.54458698E+008  0.54459096E+008
 -0.19199734E+002  0.53213543E+008 -0.53217831E+008  0.53218229E+008
 -0.19176685E+002  0.52000959E+008 -0.52005238E+008  0.52005635E+008
 -0.19153636E+002  0.50816004E+008 -0.50820274E+008  0.50820671E+008
 -0.19130587E+002  0.49658049E+008 -0.49662309E+008  0.49662707E+008
 -0.19107538E+002  0.48526478E+008 -0.48530730E+008  0.48531127E+008
 -0.19084489E+002  0.47420691E+008 -0.47424933E+008  0.47425330E+008
 -0.19061440E+002  0.46340099E+008 -0.46344333E+008  0.46344730E+008
 -0.19038391E+002  0.45284130E+008 -0.45288354E+008  0.45288751E+008
 -0.19015342E+002  0.44252221E+008 -0.44256436E+008  0.44256833E+008
 -0.18992293E+002  0.43243825E+008 -0.43248031E+008  0.43248428E+008
 -0.18969245E+002  0.42258405E+008 -0.42262602E+008  0.42262999E+008
 -0.18946196E+002  0.41295439E+008 -0.41299627E+008  0.41300024E+008
 -0.18923147E+002  0.40354415E+008 -0.40358593E+008  0.40358991E+008
 -0.18900098E+002  0.39434832E+008 -0.39439001E+008  0.39439399E+008
 -0.18877049E+002  0.38536203E+008 -0.38540363E+008  0.38540760E+008
 -0.18854000E+002  0.37658049E+008 -0.37662200E+008  0.37662597E+008
 -0.18830951E+002  0.36799904E+008 -0.36804046E+008  0.36804443E+008
 -0.18807902E+002  0.35961313E+008 -0.35965446E+008  0.35965843E+008
 -0.18784853E+002  0.35141830E+008 -0.35145953E+008  0.35146350E+008
 -0.18761804E+002  0.34341019E+008 -0.34345133E+008  0.34345530E+008
 -0.18738756E+002  0.33558454E+008 -0.33562560E+008  0.33562957E+008
 -0.18715707E+002  0.32793721E+008 -0.32797817E+008  0.32798215E+008
 -0.18692658E+002  0.32046413E+008 -0.32050500E+008  0.32050898E+008
 -0.18669609E+002  0.31316133E+008 -0.31320211E+008  0.31320608E+008
 -0.18646560E+002  0.30602493E+008 -0.30606561E+008  0.30606959E+008
 -0.18623511E+002  0.29905113E+008 -0.29909172E+008  0.29909570E+008
 -0.18600462E+002  0.29223624E+008 -0.29227674E+008  0.29228071E+008
 -0.18577413E+002  0.28557662E+008 -0.28561703E+008  0.28562101E+008
 -0.18554364E+002  0.27906875E+008 -0.27910907E+008  0.27911305E+008
 -0.18531315E+002  0.27270917E+008 -0.27274940E+008  0.27275337E+008
 -0.18508267E+002  0.26649449E+008 -0.26653463E+008  0.26653860E+008
 -0.18485218E+002  0.26042142E+008 -0.26046147E+008  0.26046544E+008
 -0.18462169E+002  0.25448673E+008 -0.25452668E+008  0.25453066E+008
 -0.18439120E+002  0.24868726E+008 -0.24872712E+008  0.24873110E+008
 -0.18416071E+002  0.24301994E+008 -0.24305971E+008  0.24306368E+008
 -0.18393022E+002  0.23748175E+008 -0.23752143E+008  0.23752540E+008
 -0.18369973E+002  0.23206976E+008 -0.23210934E+008  0.23211332E+008
 -0.18346924E+002  0.22678108E+008 -0.22682057E+008  0.22682454E+008
 -0.18323875E+002  0.22161290E+008 -0.22165230E+008  0.22165628E+008
 -0.18300826E+002  0.21656249E+008 -0.21660180E+008  0.21660577E+008
 -0.18277778E+002  0.21162715E+008 -0.21166637E+008  0.21167034E+008
 -0.18254729E+002  0.20680427E+008 -0.20684340E+008  0.20684737E+008
 -0.18231680E+002  0.20209128E+008 -0.20213032E+008  0.20213429E+008
 -0.18208631E+002  0.19748568E+008 -0.19752463E+008  0.19752860E+008
 -0.18185582E+002  0.19298502E+008 -0.19302388E+008  0.19302785E+008
 -0.18162533E+002  0.18858692E+008 -0.18862568E+008  0.18862965E+008
 -0.18139484E+002  0.18428902E+008 -0.18432770E+008  0.18433167E+008
 -0.18116435E+002  0.18008906E+008 -0.18012764E+008  0.18013162E+008
 -0.18093386E+002  0.17598480E+008 -0.17602329E+008  0.17602726E+008
 -0.18070337E+002  0.17197406E+008 -0.17201246E+008  0.17201643E+008
 -0.18047289E+002  0.16805470E+008 -0.16809301E+008  0.16809698E+008
 -0.18024240E+002  0.16422465E+008 -0.16426287E+008  0.16426684E+008
 -0.18001191E+002  0.16048188E+008 -0.16052000E+008  0.16052397E+008
 -0.17978142E+002  0.15682438E+008 -0.15686241E+008  0.15686638E+008
 -0.17955093E+002  0.15325022E+008 -0.15328816E+008  0.15329214E+008
 -0.17932044E+002  0.14975751E+008 -0.14979536E+008  0.14979933E+008
 -0.17908995E+002  0.14634438E+008 -0.14638213E+008  0.14638611E+008
 -0.17885946E+002  0.14300902E+008 -0.14304668E+008  0.14305065E+008
 -0.17862897E+002  0.13974966E+008 -0.13978723E+008  0.13979120E+008
 -0.17839848E+002  0.13656456E+008 -0.13660204E+008  0.13660602E+008
 -0.17816800E+002  0.13345204E+008 -0.13348943E+008  0.13349341E+008
 -0.17793751E+002  0.13041045E+008 -0.13044775E+008  0.13045172E+008
 -0.17770702E+002  0.12743816E+008 -0.12747536E+008  0.12747934E+008
 -0.17747653E+002  0.12453359E+008 -0.12457071E+008  0.12457468E+008
 -0.17724604E+002  0.12169521E+008 -0.12173224E+008  0.12173621E+008
 -0.17701555E+002  0.11892151E+008 -0.11895844E+008  0.11896241E+008
 -0.17678506E+002  0.11621101E+008 -0.11624785E+008  0.11625182E+008
 -0.17655457E+002  0.11356226E+008 -0.11359901E+008  0.11360299E+008
 -0.17632408E+002  0.11097388E+008 -0.11101054E+008  0.11101451E+008
 -0.17609359E+002  0.10844447E+008 -0.10848104E+008  0.10848501E+008
 -0.17586311E+002  0.10597270E+008 -0.10600917E+008  0.10601314E+008
 -0.17563262E+002  0.10355725E+008 -0.10359363E+008  0.10359760E+008
 -0.17540213E+002  0.10119684E+008 -0.10123313E+008  0.10123710E+008
 -0.17517164E+002  0.98890209E+007 -0.98926410E+007  0.98930382E+007
 -0.17494115E+002  0.96636142E+007 -0.96672251E+007  0.96676223E+007
 -0.17471066E+002  0.94433437E+007 -0.94469454E+007  0.94473426E+007
 -0.17448017E+002  0.92280923E+007 -0.92316849E+007  0.92320821E+007
 -0.17424968E+002  0.90177456E+007 -0.90213291E+007  0.90217263E+007
 -0.17401919E+002  0.88121920E+007 -0.88157663E+007  0.88161635E+007
 -0.17378870E+002  0.86113222E+007 -0.86148873E+007  0.86152846E+007
 -0.17355822E+002  0.84150295E+007 -0.84185855E+007  0.84189827E+007
 -0.17332773E+002  0.82232096E+007 -0.82267564E+007  0.82271536E+007
 -0.17309724E+002  0.80357606E+007 -0.80392982E+007  0.80396954E+007
 -0.17286675E+002  0.78525828E+007 -0.78561113E+007  0.78565085E+007
 -0.17263626E+002  0.76735790E+007 -0.76770984E+007  0.76774956E+007
 -0.17240577E+002  0.74986541E+007 -0.75021643E+007  0.75025616E+007
 -0.17217528E+002  0.73277152E+007 -0.73312162E+007  0.73316134E+007
 -0.17194479E+002  0.71606713E+007 -0.71641632E+007  0.71645604E+007
 -0.17171430E+002  0.69974337E+007 -0.70009165E+007  0.70013137E+007
 -0.17148381E+002  0.68379158E+007 -0.68413894E+007  0.68417867E+007
 -0.17125333E+002  0.66820328E+007 -0.66854973E+007  0.66858945E+007
 -0.17102284E+002  0.65297018E+007 -0.65331571E+007  0.65335543E+007
 -0.17079235E+002  0.63808420E+007 -0.63842881E+007  0.63846853E+007
 -0.17056186E+002  0.62353741E+007 -0.62388111E+007  0.62392083E+007
 -0.17033137E+002  0.60932211E+007 -0.60966489E+007  0.60970461E+007
 -0.17010088E+002  0.59543072E+007 -0.59577258E+007  0.59581230E+007
 -0.16987039E+002  0.58185587E+007 -0.58219682E+007  0.58223654E+007
 -0.16963990E+002  0.56859035E+007 -0.56893039E+007  0.56897010E+007
 -0.16940941E+002  0.55562711E+007 -0.55596623E+007  0.55600595E+007
 -0.16917892E+002  0.54295926E+007 -0.54329747E+007  0.54333718E+007
 -0.16894844E+002  0.53058007E+007 -0.53091736E+007  0.53095708E+007
 -0.16871795E+002  0.51848297E+007 -0.51881935E+007  0.51885906E+007
 -0.16848746E+002  0.50666152E+007 -0.50699698E+007  0.50703670E+007
 -0.16825697E+002  0.49510945E+007 -0.49544400E+007  0.49548372E+007
 -0.16802648E+002  0.48382062E+007 -0.48415425E+007  0.48419397E+007
 -0.16779599E+002  0.47278903E+007 -0.47312175E+007  0.47316146E+007
 -0.16756550E+002  0.46200882E+007 -0.46234062E+007  0.46238034E+007
 -0.16733501E+002  0.45147426E+007 -0.45180514E+007  0.45184486E+007
 -0.16710452E+002  0.44117975E+007 -0.44150972E+007  0.44154944E+007
 -0.16687403E+002  0.43111983E+007 -0.43144889E+007  0.43148860E+007
 -0.16664355E+002  0.42128915E+007 -0.42161729E+007  0.42165700E+007
 -0.16641306E+002  0.41168248E+007 -0.41200970E+007  0.41204942E+007
 -0.16618257E+002  0.40229472E+007 -0.40262103E+007  0.40266075E+007
 -0.16595208E+002  0.39312089E+007 -0.39344629E+007  0.39348600E+007
 -0.16572159E+002  0.38415611E+007 -0.38448059E+007  0.38452030E+007
 -0.16549110E+002  0.37539561E+007 -0.37571918E+007  0.37575889E+007
 -0.16526061E+002  0.36683475E+007 -0.36715740E+007  0.36719711E+007
 -0.16503012E+002  0.35846897E+007 -0.35879070E+007  0.35883041E+007
 -0.16479963E+002  0.35029382E+007 -0.35061464E+007  0.35065435E+007
 -0.16456914E+002  0.34230497E+007 -0.34262488E+007  0.34266459E+007
 -0.16433866E+002  0.33449817E+007 -0.33481716E+007  0.33485687E+007
 -0.16410817E+002  0.32686927E+007 -0.32718734E+007  0.32722706E+007
 -0.16387768E+002  0.31941422E+007 -0.31973138E+007  0.31977109E+007
 -0.16364719E+002  0.31212905E+007 -0.31244530E+007  0.31248501E+007
 -0.16341670E+002  0.30500990E+007 -0.30532523E+007  0.30536494E+007
 -0.16318621E+002  0.29805298E+007 -0.29836740E+007  0.29840711E+007
 -0.16295572E+002  0.29125460E+007 -0.29156810E+007  0.29160781E+007
 -0.16272523E+002  0.28461115E+007 -0.28492373E+007  0.28496344E+007
 -0.16249474E+002  0.27811908E+007 -0.27843075E+007  0.27847046E+007
 -0.16226425E+002  0.27177497E+007 -0.27208572E+007  0.27212543E+007
 -0.16203377E+002  0.26557542E+007 -0.26588526E+007  0.26592497E+007
 -0.16180328E+002  0.25951715E+007 -0.25982608E+007  0.25986578E+007
 -0.16157279E+002  0.25359695E+007 -0.25390496E+007  0.25394466E+007
 -0.16134230E+002  0.24781166E+007 -0.24811875E+007  0.24815846E+007
 -0.16111181E+002  0.24215821E+007 -0.24246439E+007  0.24250409E+007
 -0.16088132E+002  0.23663359E+007 -0.23693886E+007  0.23697856E+007
 -0.16065083E+002  0.23123488E+007 -0.23153923E+007  0.23157893E+007
 -0.16042034E+002  0.22595920E+007 -0.22626263E+007  0.22630234E+007
 -0.16018985E+002  0.22080375E+007 -0.22110627E+007  0.22114597E+007
 -0.15995936E+002  0.21576578E+007 -0.21606739E+007  0.21610709E+007
 -0.15972888E+002  0.21084263E+007 -0.21114332E+007  0.21118302E+007
 -0.15949839E+002  0.20603168E+007 -0.20633145E+007  0.20637116E+007
 -0.15926790E+002  0.20133037E+007 -0.20162922E+007  0.20166893E+007
 -0.15903741E+002  0.19673619E+007 -0.19703414E+007  0.19707384E+007
 -0.15880692E+002  0.19224672E+007 -0.19254375E+007  0.19258345E+007
 -0.15857643E+002  0.18785956E+007 -0.18815568E+007  0.18819538E+007
 -0.15834594E+002  0.18357239E+007 -0.18386759E+007  0.18390729E+007
 -0.15811545E+002  0.17938292E+007 -0.17967721E+007  0.17971690E+007
 -0.15788496E+002  0.17528893E+007 -0.17558230E+007  0.17562200E+007
 -0.15765447E+002  0.17128825E+007 -0.17158070E+007  0.17162040E+007
 -0.15742399E+002  0.16737874E+007 -0.16767028E+007  0.16770998E+007
 -0.15719350E+002  0.16355833E+007 -0.16384896E+007  0.16388865E+007
 -0.15696301E+002  0.15982499E+007 -0.16011470E+007  0.16015440E+007
 -0.15673252E+002  0.15617674E+007 -0.15646554E+007  0.15650523E+007
 -0.15650203E+002  0.15261164E+007 -0.15289952E+007  0.15293921E+007
 -0.15627154E+002  0.14912779E+007 -0.14941475E+007  0.14945445E+007
 -0.15604105E+002  0.14572334E+007 -0.14600939E+007  0.14604908E+007
 -0.15581056E+002  0.14239648E+007 -0.14268162E+007  0.14272131E+007
 -0.15558007E+002  0.13914545E+007 -0.13942967E+007  0.13946936E+007
 -0.15534958E+002  0.13596851E+007 -0.13625182E+007  0.13629151E+007
 -0.15511910E+002  0.13286398E+007 -0.13314637E+007  0.13318606E+007
 -0.15488861E+002  0.12983021E+007 -0.13011169E+007  0.13015138E+007
 -0.15465812E+002  0.12686559E+007 -0.12714615E+007  0.12718584E+007
 -0.15442763E+002  0.12396853E+007 -0.12424818E+007  0.12428787E+007
 -0.15419714E+002  0.12113751E+007 -0.12141625E+007  0.12145593E+007
 -0.15396665E+002  0.11837102E+007 -0.11864884E+007  0.11868852E+007
 -0.15373616E+002  0.11566758E+007 -0.11594448E+007  0.11598417E+007
 -0.15350567E+002  0.11302576E+007 -0.11330175E+007  0.11334143E+007
 -0.15327518E+002  0.11044415E+007 -0.11071923E+007  0.11075891E+007
 -0.15304469E+002  0.10792139E+007 -0.10819555E+007  0.10823523E+007
 -0.15281421E+002  0.10545613E+007 -0.10572938E+007  0.10576906E+007
 -0.15258372E+002  0.10304707E+007 -0.10331940E+007  0.10335908E+007
 -0.15235323E+002  0.10069292E+007 -0.10096433E+007  0.10100401E+007
 -0.15212274E+002  0.98392423E+006 -0.98662927E+006  0.98702603E+006
 -0.15189225E+002  0.96144369E+006 -0.96413959E+006  0.96453634E+006
 -0.15166176E+002  0.93947558E+006 -0.94216233E+006  0.94255907E+006
 -0.15143127E+002  0.91800823E+006 -0.92068584E+006  0.92108257E+006
 -0.15120078E+002  0.89703023E+006 -0.89969870E+006  0.90009541E+006
 -0.15097029E+002  0.87653042E+006 -0.87918975E+006  0.87958645E+006
 -0.15073980E+002  0.85649792E+006 -0.85914811E+006  0.85954480E+006
 -0.15050932E+002  0.83692208E+006 -0.83956312E+006  0.83995980E+006
 -0.15027883E+002  0.81779248E+006 -0.82042439E+006  0.82082105E+006
 -0.15004834E+002  0.79909897E+006 -0.80172173E+006  0.80211838E+006
 -0.14981785E+002  0.78083160E+006 -0.78344522E+006  0.78384186E+006
 -0.14958736E+002  0.76298067E+006 -0.76558515E+006  0.76598177E+006
 -0.14935687E+002  0.74553668E+006 -0.74813203E+006  0.74852863E+006
 -0.14912638E+002  0.72849037E+006 -0.73107658E+006  0.73147317E+006
 -0.14889589E+002  0.71183268E+006 -0.71440974E+006  0.71480631E+006
 -0.14866540E+002  0.69555474E+006 -0.69812266E+006  0.69851922E+006
 -0.14843491E+002  0.67964791E+006 -0.68220669E+006  0.68260323E+006
 -0.14820443E+002  0.66410372E+006 -0.66665337E+006  0.66704990E+006
 -0.14797394E+002  0.64891393E+006 -0.65145444E+006  0.65185095E+006
 -0.14774345E+002  0.63407045E+006 -0.63660182E+006  0.63699831E+006
 -0.14751296E+002  0.61956539E+006 -0.62208762E+006  0.62248410E+006
 -0.14728247E+002  0.60539104E+006 -0.60790414E+006  0.60830059E+006
 -0.14705198E+002  0.59153986E+006 -0.59404382E+006  0.59444026E+006
 -0.14682149E+002  0.57800450E+006 -0.58049932E+006  0.58089574E+006
 -0.14659100E+002  0.56477775E+006 -0.56726344E+006  0.56765984E+006
 -0.14636051E+002  0.55185258E+006 -0.55432914E+006  0.55472552E+006
 -0.14613002E+002  0.53922213E+006 -0.54168955E+006  0.54208591E+006
 -0.14589954E+002  0.52687967E+006 -0.52933796E+006  0.52973430E+006
 -0.14566905E+002  0.51481865E+006 -0.51726781E+006  0.51766412E+006
 -0.14543856E+002  0.50303265E+006 -0.50547268E+006  0.50586897E+006
 -0.14520807E+002  0.49151541E+006 -0.49394630E+006  0.49434257E+006
 -0.14497758E+002  0.48026080E+006 -0.48268256E+006  0.48307881E+006
 -0.14474709E+002  0.46926283E+006 -0.47167546E+006  0.47207169E+006
 -0.14451660E+002  0.45851567E+006 -0.46091916E+006  0.46131537E+006
 -0.14428611E+002  0.44801359E+006 -0.45040796E+006  0.45080414E+006
 -0.14405562E+002  0.43775101E+006 -0.44013625E+006  0.44053240E+006
 -0.14382513E+002  0.42772248E+006 -0.43009859E+006  0.43049472E+006
 -0.14359465E+002  0.41792266E+006 -0.42028964E+006  0.42068574E+006
 -0.14336416E+002  0.40834634E+006 -0.41070418E+006  0.41110026E+006
 -0.14313367E+002  0.39898842E+006 -0.40133714E+006  0.40173319E+006
 -0.14290318E+002  0.38984394E+006 -0.39218353E+006  0.39257955E+006
 -0.14267269E+002  0.38090802E+006 -0.38323849E+006  0.38363448E+006
 -0.14244220E+002  0.37217592E+006 -0.37449726E+006  0.37489323E+006
 -0.14221171E+002  0.36364299E+006 -0.36595521E+006  0.36635114E+006
 -0.14198122E+002  0.35530470E+006 -0.35760779E+006  0.35800369E+006
 -0.14175073E+002  0.34715660E+006 -0.34945057E+006  0.34984644E+006
 -0.14152024E+002  0.33919437E+006 -0.34147921E+006  0.34187505E+006
 -0.14128976E+002  0.33141376E+006 -0.33368949E+006  0.33408530E+006
 -0.14105927E+002  0.32381065E+006 -0.32607725E+006  0.32647303E+006
 -0.14082878E+002  0.31638099E+006 -0.31863847E+006  0.31903421E+006
 -0.14059829E+002  0.30912082E+006 -0.31136918E+006  0.31176489E+006
 -0.14036780E+002  0.30202628E+006 -0.30426552E+006  0.30466119E+006
 -0.14013731E+002  0.29509360E+006 -0.29732373E+006  0.29771936E+006
 -0.13990682E+002  0.28831909E+006 -0.29054010E+006  0.29093570E+006
 -0.13967633E+002  0.28169915E+006 -0.28391104E+006  0.28430661E+006
 -0.13944584E+002  0.27523026E+006 -0.27743303E+006  0.27782856E+006
 -0.13921535E+002  0.26890897E+006 -0.27110263E+006  0.27149811E+006
 -0.13898487E+002  0.26273192E+006 -0.26491646E+006  0.26531191E+006
 -0.13875438E+002  0.25669582E+006 -0.25887125E+006  0.25926665E+006
 -0.13852389E+002  0.25079746E+006 -0.25296378E+006  0.25335914E+006
 -0.13829340E+002  0.24503371E+006 -0.24719092E+006  0.24758624E+006
 -0.13806291E+002  0.23940150E+006 -0.24154960E+006  0.24194487E+006
 -0.13783242E+002  0.23389782E+006 -0.23603681E+006  0.23643203E+006
 -0.13760193E+002  0.22851975E+006 -0.23064964E+006  0.23104481E+006
 -0.13737144E+002  0.22326443E+006 -0.22538521E+006  0.22578034E+006
 -0.13714095E+002  0.21812907E+006 -0.22024074E+006  0.22063582E+006
 -0.13691046E+002  0.21311092E+006 -0.21521349E+006  0.21560852E+006
 -0.13667998E+002  0.20820732E+006 -0.21030078E+006  0.21069576E+006
 -0.13644949E+002  0.20341566E+006 -0.20550002E+006  0.20589495E+006
 -0.13621900E+002  0.19873338E+006 -0.20080864E+006  0.20120352E+006
 -0.13598851E+002  0.19415800E+006 -0.19622416E+006  0.19661898E+006
 -0.13575802E+002  0.18968708E+006 -0.19174414E+006  0.19213890E+006
 -0.13552753E+002  0.18531823E+006 -0.18736620E+006  0.18776090E+006
 -0.13529704E+002  0.18104914E+006 -0.18308801E+006  0.18348266E+006
 -0.13506655E+002  0.17687753E+006 -0.17890730E+006  0.17930189E+006
 -0.13483606E+002  0.17280118E+006 -0.17482186E+006  0.17521638E+006
 -0.13460558E+002  0.16881791E+006 -0.17082950E+006  0.17122397E+006
 -0.13437509E+002  0.16492561E+006 -0.16692811E+006  0.16732251E+006
 -0.13414460E+002  0.16112221E+006 -0.16311562E+006  0.16350995E+006
 -0.13391411E+002  0.15740567E+006 -0.15939000E+006  0.15978427E+006
 -0.13368362E+002  0.15377403E+006 -0.15574927E+006  0.15614347E+006
 -0.13345313E+002  0.15022534E+006 -0.15219149E+006  0.15258562E+006
 -0.13322264E+002  0.14675771E+006 -0.14871478E+006  0.14910884E+006
 -0.13299215E+002  0.14336931E+006 -0.14531729E+006  0.14571128E+006
 -0.13276166E+002  0.14005831E+006 -0.14199722E+006  0.14239113E+006
 -0.13253117E+002  0.13682297E+006 -0.13875280E+006  0.13914663E+006
 -0.13230069E+002  0.13366154E+006 -0.13558230E+006  0.13597606E+006
 -0.13207020E+002  0.13057236E+006 -0.13248405E+006  0.13287772E+006
 -0.13183971E+002  0.12755378E+006 -0.12945639E+006  0.12984998E+006
 -0.13160922E+002  0.12460418E+006 -0.12649772E+006  0.12689123E+006
 -0.13137873E+002  0.12172199E+006 -0.12360647E+006  0.12399989E+006
 -0.13114824E+002  0.11890569E+006 -0.12078109E+006  0.12117443E+006
 -0.13091775E+002  0.11615376E+006 -0.11802010E+006  0.11841334E+006
 -0.13068726E+002  0.11346474E+006 -0.11532202E+006  0.11571517E+006
 -0.13045677E+002  0.11083719E+006 -0.11268541E+006  0.11307847E+006
 -0.13022628E+002  0.10826973E+006 -0.11010889E+006  0.11050185E+006
 -0.12999580E+002  0.10576097E+006 -0.10759107E+006  0.10798394E+006
 -0.12976531E+002  0.10330957E+006 -0.10513063E+006  0.10552339E+006
 -0.12953482E+002  0.10091424E+006 -0.10272625E+006  0.10311891E+006
 -0.12930433E+002  0.98573699E+005 -0.10037665E+006  0.10076921E+006
 -0.12907384E+002  0.96286689E+005 -0.98080599E+005  0.98473047E+005
 -0.12884335E+002  0.94051997E+005 -0.95836863E+005  0.96229201E+005
 -0.12861286E+002  0.91868428E+005 -0.93644254E+005  0.94036479E+005
 -0.12838237E+002  0.89734819E+005 -0.91501606E+005  0.91893716E+005
 -0.12815188E+002  0.87650030E+005 -0.89407782E+005  0.89799774E+005
 -0.12792139E+002  0.85612950E+005 -0.87361669E+005  0.87753541E+005
 -0.12769091E+002  0.83622491E+005 -0.85362180E+005  0.85753929E+005
 -0.12746042E+002  0.81677592E+005 -0.83408253E+005  0.83799876E+005
 -0.12722993E+002  0.79777212E+005 -0.81498850E+005  0.81890344E+005
 -0.12699944E+002  0.77920340E+005 -0.79632956E+005  0.80024318E+005
 -0.12676895E+002  0.76105982E+005 -0.77809580E+005  0.78200807E+005
 -0.12653846E+002  0.74333170E+005 -0.76027753E+005  0.76418842E+005
 -0.12630797E+002  0.72600958E+005 -0.74286529E+005  0.74677477E+005
 -0.12607748E+002  0.70908420E+005 -0.72584982E+005  0.72975786E+005
 -0.12584699E+002  0.69254652E+005 -0.70922209E+005  0.71312866E+005
 -0.12561650E+002  0.67638771E+005 -0.69297326E+005  0.69687832E+005
 -0.12538602E+002  0.66059913E+005 -0.67709470E+005  0.68099822E+005
 -0.12515553E+002  0.64517235E+005 -0.66157798E+005  0.66547992E+005
 -0.12492504E+002  0.63009913E+005 -0.64641484E+005  0.65031517E+005
 -0.12469455E+002  0.61537140E+005 -0.63159724E+005  0.63549592E+005
 -0.12446406E+002  0.60098129E+005 -0.61711729E+005  0.62101430E+005
 -0.12423357E+002  0.58692111E+005 -0.60296732E+005  0.60686260E+005
 -0.12400308E+002  0.57318334E+005 -0.58913980E+005  0.59303332E+005
 -0.12377259E+002  0.55976064E+005 -0.57562738E+005  0.57951910E+005
 -0.12354210E+002  0.54664582E+005 -0.56242289E+005  0.56631276E+005
 -0.12331161E+002  0.53383187E+005 -0.54951931E+005  0.55340730E+005
 -0.12308113E+002  0.52131193E+005 -0.53690979E+005  0.54079585E+005
 -0.12285064E+002  0.50907930E+005 -0.52458762E+005  0.52847171E+005
 -0.12262015E+002  0.49712744E+005 -0.51254626E+005  0.51642834E+005
 -0.12238966E+002  0.48544994E+005 -0.50077931E+005  0.50465934E+005
 -0.12215917E+002  0.47404056E+005 -0.48928053E+005  0.49315845E+005
 -0.12192868E+002  0.46289317E+005 -0.47804379E+005  0.48191956E+005
 -0.12169819E+002  0.45200182E+005 -0.46706314E+005  0.47093671E+005
 -0.12146770E+002  0.44136067E+005 -0.45633274E+005  0.46020406E+005
 -0.12123721E+002  0.43096401E+005 -0.44584688E+005  0.44971590E+005
 -0.12100672E+002  0.42080627E+005 -0.43560000E+005  0.43946667E+005
 -0.12077624E+002  0.41088201E+005 -0.42558665E+005  0.42945092E+005
 -0.12054575E+002  0.40118591E+005 -0.41580151E+005  0.41966333E+005
 -0.12031526E+002  0.39171276E+005 -0.40623939E+005  0.41009870E+005
 -0.12008477E+002  0.38245749E+005 -0.39689520E+005  0.40075194E+005
 -0.11985428E+002  0.37341513E+005 -0.38776398E+005  0.39161810E+005
 -0.11962379E+002  0.36458083E+005 -0.37884088E+005  0.38269232E+005
 -0.11939330E+002  0.35594984E+005 -0.37012116E+005  0.37396986E+005
 -0.11916281E+002  0.34751753E+005 -0.36160018E+005  0.36544608E+005
 -0.11893232E+002  0.33927937E+005 -0.35327342E+005  0.35711646E+005
 -0.11870183E+002  0.33123094E+005 -0.34513645E+005  0.34897656E+005
 -0.11847135E+002  0.32336792E+005 -0.33718495E+005  0.34102208E+005
 -0.11824086E+002  0.31568607E+005 -0.32941470E+005  0.33324877E+005
 -0.11801037E+002  0.30818126E+005 -0.32182157E+005  0.32565252E+005
 -0.11777988E+002  0.30084947E+005 -0.31440152E+005  0.31822928E+005
 -0.11754939E+002  0.29368675E+005 -0.30715061E+005  0.31097511E+005
 -0.11731890E+002  0.28668923E+005 -0.30006499E+005  0.30388616E+005
 -0.11708841E+002  0.27985317E+005 -0.29314090E+005  0.29695866E+005
 -0.11685792E+002  0.27317487E+005 -0.28637465E+005  0.29018894E+005
 -0.11662743E+002  0.26665074E+005 -0.27976265E+005  0.28357339E+005
 -0.11639694E+002  0.26027727E+005 -0.27330139E+005  0.27710850E+005
 -0.11616646E+002  0.25405102E+005 -0.26698744E+005  0.27079083E+005
 -0.11593597E+002  0.24796863E+005 -0.26081743E+005  0.26461704E+005
 -0.11570548E+002  0.24202683E+005 -0.25478810E+005  0.25858384E+005
 -0.11547499E+002  0.23622240E+005 -0.24889624E+005  0.25268803E+005
 -0.11524450E+002  0.23055223E+005 -0.24313872E+005  0.24692646E+005
 -0.11501401E+002  0.22501324E+005 -0.23751247E+005  0.24129610E+005
 -0.11478352E+002  0.21960244E+005 -0.23201452E+005  0.23579393E+005
 -0.11455303E+002  0.21431691E+005 -0.22664194E+005  0.23041704E+005
 -0.11432254E+002  0.20915380E+005 -0.22139187E+005  0.22516258E+005
 -0.11409205E+002  0.20411032E+005 -0.21626153E+005  0.22002775E+005
 -0.11386157E+002  0.19918372E+005 -0.21124819E+005  0.21500982E+005
 -0.11363108E+002  0.19437136E+005 -0.20634918E+005  0.21010613E+005
 -0.11340059E+002  0.18967062E+005 -0.20156191E+005  0.20531408E+005
 -0.11317010E+002  0.18507896E+005 -0.19688382E+005  0.20063111E+005
 -0.11293961E+002  0.18059389E+005 -0.19231244E+005  0.19605475E+005
 -0.11270912E+002  0.17621298E+005 -0.18784534E+005  0.19158256E+005
 -0.11247863E+002  0.17193385E+005 -0.18348013E+005  0.18721216E+005
 -0.11224814E+002  0.16775418E+005 -0.17921451E+005  0.18294123E+005
 -0.11201765E+002  0.16367171E+005 -0.17504621E+005  0.17876751E+005
 -0.11178716E+002  0.15968421E+005 -0.17097300E+005  0.17468878E+005
 -0.11155668E+002  0.15578952E+005 -0.16699273E+005  0.17070286E+005
 -0.11132619E+002  0.15198551E+005 -0.16310329E+005  0.16680766E+005
 -0.11109570E+002  0.14827013E+005 -0.15930259E+005  0.16300109E+005
 -0.11086521E+002  0.14464135E+005 -0.15558864E+005  0.15928113E+005
 -0.11063472E+002  0.14109719E+005 -0.15195944E+005  0.15564581E+005
 -0.11040423E+002  0.13763572E+005 -0.14841308E+005  0.15209320E+005
 -0.11017374E+002  0.13425505E+005 -0.14494767E+005  0.14862142E+005
 -0.10994325E+002  0.13095334E+005 -0.14156136E+005  0.14522861E+005
 -0.10971276E+002  0.12772879E+005 -0.13825236E+005  0.14191297E+005
 -0.10948227E+002  0.12457963E+005 -0.13501891E+005  0.13867275E+005
 -0.10925179E+002  0.12150415E+005 -0.13185929E+005  0.13550623E+005
 -0.10902130E+002  0.11850065E+005 -0.12877183E+005  0.13241172E+005
 -0.10879081E+002  0.11556751E+005 -0.12575487E+005  0.12938757E+005
 -0.10856032E+002  0.11270310E+005 -0.12280682E+005  0.12643220E+005
 -0.10832983E+002  0.10990586E+005 -0.11992612E+005  0.12354402E+005
 -0.10809934E+002  0.10717426E+005 -0.11711122E+005  0.12072150E+005
 -0.10786885E+002  0.10450680E+005 -0.11436063E+005  0.11796314E+005
 -0.10763836E+002  0.10190201E+005 -0.11167290E+005  0.11526749E+005
 -0.10740787E+002  0.99358453E+004 -0.10904659E+005  0.11263310E+005
 -0.10717738E+002  0.96874738E+004 -0.10648031E+005  0.11005858E+005
 -0.10694690E+002  0.94449495E+004 -0.10397269E+005  0.10754257E+005
 -0.10671641E+002  0.92081386E+004 -0.10152240E+005  0.10508372E+005
 -0.10648592E+002  0.89769105E+004 -0.99128141E+004  0.10268074E+005
 -0.10625543E+002  0.87511376E+004 -0.96788634E+004  0.10033234E+005
 -0.10602494E+002  0.85306951E+004 -0.94502637E+004  0.98037290E+004
 -0.10579445E+002  0.83154610E+004 -0.92268936E+004  0.95794362E+004
 -0.10556396E+002  0.81053163E+004 -0.90086343E+004  0.93602367E+004
 -0.10533347E+002  0.79001445E+004 -0.87953697E+004  0.91460144E+004
 -0.10510298E+002  0.76998316E+004 -0.85869864E+004  0.89366556E+004
 -0.10487249E+002  0.75042666E+004 -0.83833737E+004  0.87320493E+004
 -0.10464201E+002  0.73133407E+004 -0.81844231E+004  0.85320868E+004
 -0.10441152E+002  0.71269477E+004 -0.79900290E+004  0.83366623E+004
 -0.10418103E+002  0.69449838E+004 -0.78000879E+004  0.81456720E+004
 -0.10395054E+002  0.67673474E+004 -0.76144988E+004  0.79590146E+004
 -0.10372005E+002  0.65939394E+004 -0.74331630E+004  0.77765914E+004
 -0.10348956E+002  0.64246630E+004 -0.72559839E+004  0.75983055E+004
 -0.10325907E+002  0.62594233E+004 -0.70828674E+004  0.74240624E+004
 -0.10302858E+002  0.60981279E+004 -0.69137212E+004  0.72537699E+004
 -0.10279809E+002  0.59406862E+004 -0.67484555E+004  0.70873377E+004
 -0.10256760E+002  0.57870098E+004 -0.65869822E+004  0.69246776E+004
 -0.10233712E+002  0.56370123E+004 -0.64292154E+004  0.67657035E+004
 -0.10210663E+002  0.54906093E+004 -0.62750711E+004  0.66103312E+004
 -0.10187614E+002  0.53477182E+004 -0.61244673E+004  0.64584785E+004
 -0.10164565E+002  0.52082582E+004 -0.59773237E+004  0.63100648E+004
 -0.10141516E+002  0.50721507E+004 -0.58335620E+004  0.61650118E+004
 -0.10118467E+002  0.49393185E+004 -0.56931056E+004  0.60232426E+004
 -0.10095418E+002  0.48096862E+004 -0.55558797E+004  0.58846823E+004
 -0.10072369E+002  0.46831804E+004 -0.54218112E+004  0.57492575E+004
 -0.10049320E+002  0.45597290E+004 -0.52908287E+004  0.56168967E+004
 -0.10026271E+002  0.44392617E+004 -0.51628623E+004  0.54875299E+004
 -0.10003223E+002  0.43217097E+004 -0.50378438E+004  0.53610886E+004
 -0.99801736E+001  0.42070060E+004 -0.49157066E+004  0.52375062E+004
 -0.99571247E+001  0.40950848E+004 -0.47963855E+004  0.51167174E+004
 -0.99340758E+001  0.39858820E+004 -0.46798169E+004  0.49986583E+004
 -0.99110269E+001  0.38793349E+004 -0.45659385E+004  0.48832667E+004
 -0.98879780E+001  0.37753821E+004 -0.44546897E+004  0.47704816E+004
 -0.98649291E+001  0.36739638E+004 -0.43460109E+004  0.46602437E+004
 -0.98418802E+001  0.35750213E+004 -0.42398442E+004  0.45524947E+004
 -0.98188313E+001  0.34784974E+004 -0.41361329E+004  0.44471778E+004
 -0.97957824E+001  0.33843362E+004 -0.40348216E+004  0.43442377E+004
 -0.97727335E+001  0.32924830E+004 -0.39358560E+004  0.42436200E+004
 -0.97496846E+001  0.32028843E+004 -0.38391833E+004  0.41452719E+004
 -0.97266357E+001  0.31154879E+004 -0.37447517E+004  0.40491416E+004
 -0.97035868E+001  0.30302426E+004 -0.36525108E+004  0.39551785E+004
 -0.96805379E+001  0.29470987E+004 -0.35624112E+004  0.38633332E+004
 -0.96574890E+001  0.28660072E+004 -0.34744045E+004  0.37735575E+004
 -0.96344401E+001  0.27869206E+004 -0.33884437E+004  0.36858044E+004
 -0.96113912E+001  0.27097921E+004 -0.33044826E+004  0.36000276E+004
 -0.95883423E+001  0.26345762E+004 -0.32224762E+004  0.35161823E+004
 -0.95652934E+001  0.25612283E+004 -0.31423806E+004  0.34342245E+004
 -0.95422445E+001  0.24897050E+004 -0.30641527E+004  0.33541113E+004
 -0.95191956E+001  0.24199636E+004 -0.29877504E+004  0.32758007E+004
 -0.94961467E+001  0.23519626E+004 -0.29131327E+004  0.31992518E+004
 -0.94730978E+001  0.22856612E+004 -0.28402595E+004  0.31244245E+004
 -0.94500489E+001  0.22210198E+004 -0.27690915E+004  0.30512799E+004
 -0.94270000E+001  0.21579994E+004 -0.26995904E+004  0.29797797E+004
 -0.94039511E+001  0.20965621E+004 -0.26317187E+004  0.29098866E+004
 -0.93809022E+001  0.20366707E+004 -0.25654399E+004  0.28415643E+004
 -0.93578533E+001  0.19782890E+004 -0.25007180E+004  0.27747771E+004
 -0.93348044E+001  0.19213814E+004 -0.24375181E+004  0.27094903E+004
 -0.93117555E+001  0.18659133E+004 -0.23758061E+004  0.26456699E+004
 -0.92887066E+001  0.18118508E+004 -0.23155485E+004  0.25832829E+004
 -0.92656577E+001  0.17591607E+004 -0.22567126E+004  0.25222968E+004
 -0.92426088E+001  0.17078106E+004 -0.21992666E+004  0.24626801E+004
 -0.92195599E+001  0.16577689E+004 -0.21431792E+004  0.24044019E+004
 -0.91965110E+001  0.16090046E+004 -0.20884199E+004  0.23474319E+004
 -0.91734621E+001  0.15614874E+004 -0.20349589E+004  0.22917409E+004
 -0.91504132E+001  0.15151877E+004 -0.19827671E+004  0.22373000E+004
 -0.91273643E+001  0.14700767E+004 -0.19318160E+004  0.21840811E+004
 -0.91043154E+001  0.14261259E+004 -0.18820777E+004  0.21320569E+004
 -0.90812665E+001  0.13833079E+004 -0.18335250E+004  0.20812005E+004
 -0.90582176E+001  0.13415956E+004 -0.17861313E+004  0.20314858E+004
 -0.90351687E+001  0.13009625E+004 -0.17398705E+004  0.19828873E+004
 -0.90121198E+001  0.12613828E+004 -0.16947173E+004  0.19353800E+004
 -0.89890709E+001  0.12228314E+004 -0.16506468E+004  0.18889396E+004
 -0.89660220E+001  0.11852835E+004 -0.16076346E+004  0.18435423E+004
 -0.89429731E+001  0.11487151E+004 -0.15656569E+004  0.17991650E+004
 -0.89199242E+001  0.11131024E+004 -0.15246907E+004  0.17557849E+004
 -0.88968753E+001  0.10784226E+004 -0.14847130E+004  0.17133799E+004
 -0.88738264E+001  0.10446530E+004 -0.14457016E+004  0.16719284E+004
 -0.88507775E+001  0.10117717E+004 -0.14076350E+004  0.16314093E+004
 -0.88277286E+001  0.97975703E+003 -0.13704917E+004  0.15918020E+004
 -0.88046797E+001  0.94858807E+003 -0.13342510E+004  0.15530863E+004
 -0.87816308E+001  0.91824421E+003 -0.12988926E+004  0.15152427E+004
 -0.87585819E+001  0.88870535E+003 -0.12643966E+004  0.14782520E+004
 -0.87355330E+001  0.85995183E+003 -0.12307436E+004  0.14420953E+004
 -0.87124841E+001  0.83196445E+003 -0.11979146E+004  0.14067545E+004
 -0.86894352E+001  0.80472442E+003 -0.11658909E+004  0.13722117E+004
 -0.86663863E+001  0.77821339E+003 -0.11346544E+004  0.13384493E+004
 -0.86433374E+001  0.75241344E+003 -0.11041873E+004  0.13054505E+004
 -0.86202885E+001  0.72730701E+003 -0.10744721E+004  0.12731985E+004
 -0.85972396E+001  0.70287699E+003 -0.10454919E+004  0.12416771E+004
 -0.85741907E+001  0.67910662E+003 -0.10172300E+004  0.12108704E+004
 -0.85511418E+001  0.65597953E+003 -0.98967007E+003  0.11807630E+004
 -0.85280929E+001  0.63347973E+003 -0.96279623E+003  0.11513396E+004
 -0.85050440E+001  0.61159159E+003 -0.93659286E+003  0.11225856E+004
 -0.84819951E+001  0.59029983E+003 -0.91104470E+003  0.10944865E+004
 -0.84589462E+001  0.56958952E+003 -0.88613683E+003  0.10670282E+004
 -0.84358973E+001  0.54944607E+003 -0.86185463E+003  0.10401968E+004
 -0.84128484E+001  0.52985522E+003 -0.83818382E+003  0.10139790E+004
 -0.83897995E+001  0.51080305E+003 -0.81511040E+003  0.98836153E+003
 -0.83667506E+001  0.49227594E+003 -0.79262070E+003  0.96333158E+003
 -0.83437017E+001  0.47426059E+003 -0.77070132E+003  0.93887660E+003
 -0.83206528E+001  0.45674402E+003 -0.74933915E+003  0.91498430E+003
 -0.82976039E+001  0.43971352E+003 -0.72852136E+003  0.89164270E+003
 -0.82745550E+001  0.42315670E+003 -0.70823541E+003  0.86884006E+003
 -0.82515061E+001  0.40706144E+003 -0.68846901E+003  0.84656494E+003
 -0.82284572E+001  0.39141590E+003 -0.66921013E+003  0.82480614E+003
 -0.82054083E+001  0.37620851E+003 -0.65044701E+003  0.80355270E+003
 -0.81823594E+001  0.36142800E+003 -0.63216813E+003  0.78279393E+003
 -0.81593105E+001  0.34706332E+003 -0.61436222E+003  0.76251937E+003
 -0.81362616E+001  0.33310370E+003 -0.59701824E+003  0.74271880E+003
 -0.81132127E+001  0.31953863E+003 -0.58012540E+003  0.72338221E+003
 -0.80901638E+001  0.30635781E+003 -0.56367312E+003  0.70449983E+003
 -0.80671149E+001  0.29355123E+003 -0.54765105E+003  0.68606211E+003
 -0.80440660E+001  0.28110908E+003 -0.53204908E+003  0.66805971E+003
 -0.80210171E+001  0.26902179E+003 -0.51685728E+003  0.65048350E+003
 -0.79979682E+001  0.25728002E+003 -0.50206595E+003  0.63332456E+003
 -0.79749193E+001  0.24587465E+003 -0.48766560E+003  0.61657418E+003
 -0.79518704E+001  0.23479677E+003 -0.47364692E+003  0.60022385E+003
 -0.79288215E+001  0.22403770E+003 -0.46000083E+003  0.58426525E+003
 -0.79057726E+001  0.21358895E+003 -0.44671841E+003  0.56869029E+003
 -0.78827237E+001  0.20344224E+003 -0.43379094E+003  0.55349106E+003
 -0.78596748E+001  0.19358948E+003 -0.42120989E+003  0.53865987E+003
 -0.78366259E+001  0.18402279E+003 -0.40896692E+003  0.52418925E+003
 -0.78135770E+001  0.17473447E+003 -0.39705384E+003  0.51007195E+003
 -0.77905281E+001  0.16571700E+003 -0.38546266E+003  0.49630099E+003
 -0.77674792E+001  0.15696307E+003 -0.37418553E+003  0.48286965E+003
 -0.77444303E+001  0.14846552E+003 -0.36321481E+003  0.46977154E+003
 -0.77213814E+001  0.14021737E+003 -0.35254296E+003  0.45700070E+003
 -0.76983325E+001  0.13221182E+003 -0.34216266E+003  0.44455170E+003
 -0.76752836E+001  0.12444223E+003 -0.33206667E+003  0.43241989E+003
 -0.76522347E+001  0.11690214E+003 -0.32224792E+003  0.42060184E+003
 -0.76291858E+001  0.10958523E+003 -0.31269943E+003  0.40909610E+003
 -0.76061369E+001  0.10248535E+003 -0.30341425E+003  0.39790481E+003
 -0.75830880E+001  0.95596521E+002 -0.29438541E+003  0.38703639E+003
 -0.75600391E+001  0.88912908E+002 -0.28560568E+003  0.37651237E+003
 -0.75369902E+001  0.82428860E+002 -0.27706719E+003  0.36637689E+003
 -0.75139413E+001  0.76138921E+002 -0.26876055E+003  0.35673194E+003
 -0.74908924E+001  0.70037883E+002 -0.26067326E+003  0.34775994E+003
 -0.74678435E+001  0.64120901E+002 -0.25278516E+003  0.33995377E+003
 -0.74447946E+001  0.58383738E+002 -0.24506271E+003  0.33400116E+003
 -0.74217457E+001  0.52823314E+002 -0.23743156E+003  0.33264041E+003
 -0.73986968E+001  0.47438891E+002 -0.22976626E+003  0.33762263E+003
 -0.73756479E+001  0.42234701E+002 -0.22169982E+003  0.36670016E+003
 -0.73525990E+001  0.37225562E+002 -0.21278282E+003  0.41094725E+003
 -0.73295501E+001  0.32437139E+002 -0.20241680E+003  0.48933223E+003
 -0.73065012E+001  0.27911771E+002 -0.18984154E+003  0.59783216E+003
 -0.72834523E+001  0.23703985E+002 -0.17491794E+003  0.69121392E+003
 -0.72604034E+001  0.19862957E+002 -0.15811288E+003  0.75975421E+003
 -0.72373545E+001  0.16424212E+002 -0.14015149E+003  0.79176596E+003
 -0.72143056E+001  0.13404611E+002 -0.12188249E+003  0.78748465E+003
 -0.71912567E+001  0.10802042E+002 -0.10408279E+003  0.75249182E+003
 -0.71682078E+001  0.85982701E+001 -0.87363696E+002  0.69517899E+003
 -0.71451589E+001  0.67632355E+001 -0.72139851E+002  0.62401911E+003
 -0.71221100E+001  0.52594717E+001 -0.58643912E+002  0.54626476E+003
 -0.70990611E+001  0.40459315E+001 -0.46960219E+002  0.46753963E+003
 -0.70760122E+001  0.30809764E+001 -0.37061663E+002  0.39192080E+003
 -0.70529633E+001  0.23245552E+001 -0.28842708E+002  0.32216819E+003
 -0.70299144E+001  0.17396823E+001 -0.22147041E+002  0.25995759E+003
 -0.70068655E+001  0.12933383E+001 -0.16790191E+002  0.20608582E+003
 -0.69838166E+001  0.95690205E+000 -0.12577641E+002  0.16065875E+003
 -0.69607677E+001  0.70621465E+000 -0.93186681E+001  0.12327174E+003
 -0.69377188E+001  0.52137189E+000 -0.68361142E+001  0.93180451E+002
 -0.69146699E+001  0.38633553E+000 -0.49723963E+001  0.69452757E+002
 -0.68916210E+001  0.28844430E+000 -0.35923193E+001  0.51092386E+002
 -0.68685721E+001  0.21788989E+000 -0.25834145E+001  0.37129844E+002
 -0.68455232E+001  0.16720637E+000 -0.18545733E+001  0.26681487E+002
 -0.68224743E+001  0.13080368E+000 -0.13336800E+001  0.18981125E+002
 -0.67994254E+001  0.10456169E+000 -0.96481237E+000  0.13389857E+002
 -0.67763765E+001  0.85489792E-001 -0.70541335E+000  0.93902250E+001
 -0.67533277E+001  0.71449534E-001 -0.52368292E+000  0.65713553E+001
 -0.67302788E+001  0.60933690E-001 -0.39630318E+000  0.46117260E+001
 -0.67072299E+001  0.52893575E-001 -0.30651721E+000  0.32639013E+001
 -0.66841810E+001  0.46606789E-001 -0.24253250E+000  0.23420898E+001
 -0.66611321E+001  0.41578368E-001 -0.19621235E+000  0.17112059E+001
 -0.66380832E+001  0.37469034E-001 -0.16203054E+000  0.12763434E+001
 -0.66150343E+001  0.34044707E-001 -0.13626957E+000  0.97279361E+000
 -0.65919854E+001  0.31141959E-001 -0.11643439E+000  0.75737098E+000
 -0.65689365E+001  0.28644848E-001 -0.10084276E+000  0.60158232E+000
 -0.65458876E+001  0.26469601E-001 -0.88348888E-001  0.48667205E+000
 -0.65228387E+001  0.24554488E-001 -0.78161230E-001  0.40023352E+000
 -0.64997898E+001  0.22853124E-001 -0.69723875E-001  0.33397645E+000
 -0.64767409E+001  0.21329997E-001 -0.62639409E-001  0.28228577E+000
 -0.64536920E+001  0.19957428E-001 -0.56618567E-001  0.24129905E+000
 -0.64306431E+001  0.18713491E-001 -0.51447059E-001  0.20831538E+000
 -0.64075942E+001  0.17580555E-001 -0.46963428E-001  0.18141427E+000
 -0.63845453E+001  0.16544250E-001 -0.43044076E-001  0.15920752E+000
 -0.63614964E+001  0.15592724E-001 -0.39592974E-001  0.14067559E+000
 -0.63384475E+001  0.14716088E-001 -0.36534481E-001  0.12505826E+000
 -0.63153986E+001  0.13906014E-001 -0.33808262E-001  0.11178052E+000
 -0.62923497E+001  0.13155425E-001 -0.31365633E-001  0.10040156E+000
 -0.62693008E+001  0.12458255E-001 -0.29166892E-001  0.90579173E-001
 -0.62462519E+001  0.11809274E-001 -0.27179349E-001  0.82044660E-001
 -0.62232030E+001  0.11203934E-001 -0.25375846E-001  0.74584712E-001
 -0.62001541E+001  0.10638265E-001 -0.23733640E-001  0.68028318E-001
 -0.61771052E+001  0.10108774E-001 -0.22233543E-001  0.62237106E-001
 -0.61540563E+001  0.96123811E-002 -0.20859252E-001  0.57098146E-001
 -0.61310074E+001  0.91463498E-002 -0.19596830E-001  0.52518566E-001
 -0.61079585E+001  0.87082433E-002 -0.18434293E-001  0.48421414E-001
 -0.60849096E+001  0.82958819E-002 -0.17361278E-001  0.44742485E-001
 -0.60618607E+001  0.79073083E-002 -0.16368781E-001  0.41427888E-001
 -0.60388118E+001  0.75407592E-002 -0.15448940E-001  0.38432110E-001
 -0.60157629E+001  0.71946411E-002 -0.14594862E-001  0.35716502E-001
 -0.59927140E+001  0.68675097E-002 -0.13800478E-001  0.33248079E-001
 -0.59696651E+001  0.65580522E-002 -0.13060422E-001  0.30998545E-001
 -0.59466162E+001  0.62650722E-002 -0.12369938E-001  0.28943524E-001
 -0.59235673E+001  0.59874770E-002 -0.11724788E-001  0.27061919E-001
 -0.59005184E+001  0.57242661E-002 -0.11121191E-001  0.25335400E-001
 -0.58774695E+001  0.54745214E-002 -0.10555761E-001  0.23747986E-001
 -0.58544206E+001  0.52373990E-002 -0.10025455E-001  0.22285680E-001
 -0.58313717E+001  0.50121213E-002 -0.95275345E-002  0.20936190E-001
 -0.58083228E+001  0.47979708E-002 -0.90595254E-002  0.19688691E-001
 -0.57852739E+001  0.45942845E-002 -0.86191894E-002  0.18533605E-001
 -0.57622250E+001  0.44004482E-002 -0.82044961E-002  0.17462445E-001
 -0.57391761E+001  0.42158925E-002 -0.78135994E-002  0.16467666E-001
 -0.57161272E+001  0.40400886E-002 -0.74448176E-002  0.15542541E-001
 -0.56930783E+001  0.38725447E-002 -0.70966157E-002  0.14681058E-001
 -0.56700294E+001  0.37128029E-002 -0.67675898E-002  0.13877834E-001
 -0.56469805E+001  0.35604363E-002 -0.64564537E-002  0.13128032E-001
 -0.56239316E+001  0.34150463E-002 -0.61620271E-002  0.12427299E-001
 -0.56008827E+001  0.32762604E-002 -0.58832248E-002  0.11771711E-001
 -0.55778338E+001  0.31437302E-002 -0.56190477E-002  0.11157721E-001
 -0.55547849E+001  0.30171294E-002 -0.53685747E-002  0.10582117E-001
 -0.55317360E+001  0.28961520E-002 -0.51309551E-002  0.10041984E-001
 -0.55086871E+001  0.27805109E-002 -0.49054022E-002  0.95346760E-002
 -0.54856382E+001  0.26699366E-002 -0.46911876E-002  0.90577795E-002
 -0.54625893E+001  0.25641756E-002 -0.44876361E-002  0.86090965E-002
 -0.54395404E+001  0.24629894E-002 -0.42941209E-002  0.81866191E-002
 -0.54164915E+001  0.23661535E-002 -0.41100593E-002  0.77885097E-002
 -0.53934426E+001  0.22734562E-002 -0.39349093E-002  0.74130846E-002
 -0.53703937E+001  0.21846982E-002 -0.37681663E-002  0.70587993E-002
 -0.53473448E+001  0.20996911E-002 -0.36093594E-002  0.67242344E-002
 -0.53242959E+001  0.20182571E-002 -0.34580494E-002  0.64080843E-002
 -0.53012470E+001  0.19402282E-002 -0.33138259E-002  0.61091460E-002
 -0.52781981E+001  0.18654455E-002 -0.31763050E-002  0.58263101E-002
 -0.52551492E+001  0.17937588E-002 -0.30451277E-002  0.55585519E-002
 -0.52321003E+001  0.17250257E-002 -0.29199574E-002  0.53049242E-002
 -0.52090514E+001  0.16591115E-002 -0.28004787E-002  0.50645491E-002
 -0.51860025E+001  0.15958883E-002 -0.26863956E-002  0.48366156E-002
 -0.51629536E+001  0.15352352E-002 -0.25774301E-002  0.46203692E-002
 -0.51399047E+001  0.14770372E-002 -0.24733210E-002  0.44151091E-002
 -0.51168558E+001  0.14211851E-002 -0.23738226E-002  0.42201861E-002
 -0.50938069E+001  0.13675755E-002 -0.22787038E-002  0.40349938E-002
 -0.50707580E+001  0.13161099E-002 -0.21877468E-002  0.38589691E-002
 -0.50477091E+001  0.12666948E-002 -0.21007464E-002  0.36915869E-002
 -0.50246602E+001  0.12192412E-002 -0.20175092E-002  0.35323563E-002
 -0.50016113E+001  0.11736646E-002 -0.19378527E-002  0.33808204E-002
 -0.49785624E+001  0.11298843E-002 -0.18616043E-002  0.32365511E-002
 -0.49555135E+001  0.10878238E-002 -0.17886013E-002  0.30991483E-002
 -0.49324646E+001  0.10474100E-002 -0.17186899E-002  0.29682381E-002
 -0.49094157E+001  0.10085733E-002 -0.16517243E-002  0.28434696E-002
 -0.48863668E+001  0.97124754E-003 -0.15875670E-002  0.27245142E-002
 -0.48633179E+001  0.93536941E-003 -0.15260875E-002  0.26110635E-002
 -0.48402690E+001  0.90087864E-003 -0.14671622E-002  0.25028283E-002
 -0.48172201E+001  0.86771773E-003 -0.14106742E-002  0.23995367E-002
 -0.47941712E+001  0.83583180E-003 -0.13565125E-002  0.23009331E-002
 -0.47711223E+001  0.80516843E-003 -0.13045717E-002  0.22067775E-002
 -0.47480734E+001  0.77567761E-003 -0.12547521E-002  0.21168435E-002
 -0.47250245E+001  0.74731155E-003 -0.12069588E-002  0.20309183E-002
 -0.47019756E+001  0.72002459E-003 -0.11611018E-002  0.19488013E-002
 -0.46789267E+001  0.69377310E-003 -0.11170953E-002  0.18703031E-002
 -0.46558778E+001  0.66851536E-003 -0.10748582E-002  0.17952457E-002
 -0.46328289E+001  0.64421150E-003 -0.10343131E-002  0.17234604E-002
 -0.46097800E+001  0.62082337E-003 -0.99538640E-003  0.16547884E-002
 -0.45867311E+001  0.59831448E-003 -0.95800807E-003  0.15890795E-002
 -0.45636822E+001  0.57664992E-003 -0.92211150E-003  0.15261914E-002
 -0.45406333E+001  0.55579627E-003 -0.88763322E-003  0.14659901E-002
 -0.45175844E+001  0.53572155E-003 -0.85451278E-003  0.14083487E-002
 -0.44945355E+001  0.51639513E-003 -0.82269258E-003  0.13531465E-002
 -0.44714866E+001  0.49778767E-003 -0.79211772E-003  0.13002700E-002
 -0.44484377E+001  0.47987108E-003 -0.76273585E-003  0.12496113E-002
 -0.44253888E+001  0.46261844E-003 -0.73449704E-003  0.12010678E-002
 -0.44023399E+001  0.44600396E-003 -0.70735367E-003  0.11545428E-002
 -0.43792910E+001  0.43000293E-003 -0.68126027E-003  0.11099444E-002
 -0.43562421E+001  0.41459163E-003 -0.65617347E-003  0.10671851E-002
 -0.43331932E+001  0.39974736E-003 -0.63205183E-003  0.10261819E-002
 -0.43101443E+001  0.38544832E-003 -0.60885579E-003  0.98685653E-003
 -0.42870954E+001  0.37167363E-003 -0.58654754E-003  0.94913402E-003
 -0.42640465E+001  0.35840323E-003 -0.56509097E-003  0.91294319E-003
 -0.42409976E+001  0.34561790E-003 -0.54445157E-003  0.87821653E-003
 -0.42179487E+001  0.33329919E-003 -0.52459632E-003  0.84488990E-003
 -0.41948998E+001  0.32142938E-003 -0.50549368E-003  0.81290217E-003
 -0.41718509E+001  0.30999149E-003 -0.48711344E-003  0.78219502E-003
 -0.41488020E+001  0.29896919E-003 -0.46942676E-003  0.75271307E-003
 -0.41257531E+001  0.28834683E-003 -0.45240599E-003  0.72440373E-003
 -0.41027042E+001  0.27810936E-003 -0.43602469E-003  0.69721672E-003
 -0.40796553E+001  0.26824234E-003 -0.42025755E-003  0.67110414E-003
 -0.40566064E+001  0.25873188E-003 -0.40508034E-003  0.64602031E-003
 -0.40335575E+001  0.24956467E-003 -0.39046984E-003  0.62192176E-003
 -0.40105086E+001  0.24072790E-003 -0.37640384E-003  0.59876707E-003
 -0.39874597E+001  0.23220926E-003 -0.36286104E-003  0.57651665E-003
 -0.39644108E+001  0.22399694E-003 -0.34982102E-003  0.55513273E-003
 -0.39413619E+001  0.21607957E-003 -0.33726425E-003  0.53457922E-003
 -0.39183130E+001  0.20844623E-003 -0.32517197E-003  0.51482172E-003
 -0.38952641E+001  0.20108643E-003 -0.31352622E-003  0.49582745E-003
 -0.38722152E+001  0.19399006E-003 -0.30230978E-003  0.47756501E-003
 -0.38491663E+001  0.18714744E-003 -0.29150613E-003  0.46000443E-003
 -0.38261174E+001  0.18054922E-003 -0.28109941E-003  0.44311704E-003
 -0.38030685E+001  0.17418644E-003 -0.27107444E-003  0.42687544E-003
 -0.37800196E+001  0.16805047E-003 -0.26141663E-003  0.41125347E-003
 -0.37569707E+001  0.16213300E-003 -0.25211199E-003  0.39622613E-003
 -0.37339218E+001  0.15642605E-003 -0.24314709E-003  0.38176948E-003
 -0.37108729E+001  0.15092194E-003 -0.23450904E-003  0.36786062E-003
 -0.36878240E+001  0.14561328E-003 -0.22618548E-003  0.35447765E-003
 -0.36647751E+001  0.14049296E-003 -0.21816453E-003  0.34159959E-003
 -0.36417262E+001  0.13555414E-003 -0.21043477E-003  0.32920634E-003
 -0.36186773E+001  0.13079023E-003 -0.20298526E-003  0.31727872E-003
 -0.35956284E+001  0.12619489E-003 -0.19580548E-003  0.30579835E-003
 -0.35725795E+001  0.12176203E-003 -0.18888533E-003  0.29474761E-003
 -0.35495306E+001  0.11748578E-003 -0.18221510E-003  0.28410961E-003
 -0.35264817E+001  0.11336047E-003 -0.17578546E-003  0.27386820E-003
 -0.35034328E+001  0.10938067E-003 -0.16958746E-003  0.26400791E-003
 -0.34803839E+001  0.10554115E-003 -0.16361247E-003  0.25451386E-003
 -0.34573350E+001  0.10183685E-003 -0.15785223E-003  0.24537177E-003
 -0.34342861E+001  0.98262919E-004 -0.15229878E-003  0.23656808E-003
 -0.34112372E+001  0.94814680E-004 -0.14694447E-003  0.22808968E-003
 -0.33881883E+001  0.91487629E-004 -0.14178195E-003  0.21992404E-003
 -0.33651394E+001  0.88277426E-004 -0.13680415E-003  0.21205914E-003
 -0.33420905E+001  0.85179892E-004 -0.13200427E-003  0.20448342E-003
 -0.33190416E+001  0.82191002E-004 -0.12737578E-003  0.19718582E-003
 -0.32959927E+001  0.79306880E-004 -0.12291239E-003  0.19015572E-003
 -0.32729438E+001  0.76523790E-004 -0.11860805E-003  0.18338292E-003
 -0.32498949E+001  0.73838132E-004 -0.11445695E-003  0.17685763E-003
 -0.32268460E+001  0.71246442E-004 -0.11045348E-003  0.17057049E-003
 -0.32037971E+001  0.68745377E-004 -0.10659227E-003  0.16451247E-003
 -0.31807482E+001  0.66331719E-004 -0.10286814E-003  0.15867491E-003
 -0.31576993E+001  0.64002367E-004 -0.99276088E-004  0.15304951E-003
 -0.31346504E+001  0.61754332E-004 -0.95811331E-004  0.14762829E-003
 -0.31116015E+001  0.59584733E-004 -0.92469248E-004  0.14240357E-003
 -0.30885526E+001  0.57490795E-004 -0.89245395E-004  0.13736801E-003
 -0.30655037E+001  0.55469842E-004 -0.86135495E-004  0.13251451E-003
 -0.30424548E+001  0.53519294E-004 -0.83135431E-004  0.12783629E-003
 -0.30194059E+001  0.51636668E-004 -0.80241237E-004  0.12332682E-003
 -0.29963570E+001  0.49819566E-004 -0.77449097E-004  0.11897981E-003
 -0.29733081E+001  0.48065679E-004 -0.74755337E-004  0.11478924E-003
 -0.29502592E+001  0.46372781E-004 -0.72156418E-004  0.11074930E-003
 -0.29272103E+001  0.44738725E-004 -0.69648934E-004  0.10685443E-003
 -0.29041614E+001  0.43161441E-004 -0.67229601E-004  0.10309927E-003
 -0.28811125E+001  0.41638935E-004 -0.64895261E-004  0.99478659E-004
 -0.28580636E+001  0.40169283E-004 -0.62642868E-004  0.95987653E-004
 -0.28350147E+001  0.38750629E-004 -0.60469492E-004  0.92621486E-004
 -0.28119658E+001  0.37381187E-004 -0.58372308E-004  0.89375577E-004
 -0.27889169E+001  0.36059230E-004 -0.56348595E-004  0.86245517E-004
 -0.27658680E+001  0.34783096E-004 -0.54395733E-004  0.83227070E-004
 -0.27428191E+001  0.33551182E-004 -0.52511195E-004  0.80316157E-004
 -0.27197702E+001  0.32361939E-004 -0.50692549E-004  0.77508855E-004
 -0.26967213E+001  0.31213878E-004 -0.48937451E-004  0.74801390E-004
 -0.26736724E+001  0.30105560E-004 -0.47243641E-004  0.72190130E-004
 -0.26506235E+001  0.29035596E-004 -0.45608943E-004  0.69671581E-004
 -0.26275746E+001  0.28002650E-004 -0.44031259E-004  0.67242377E-004
 -0.26045257E+001  0.27005430E-004 -0.42508567E-004  0.64899293E-004
 -0.25814768E+001  0.26042691E-004 -0.41038918E-004  0.62639202E-004
 -0.25584279E+001  0.25113233E-004 -0.39620434E-004  0.60459096E-004
 -0.25353790E+001  0.24215897E-004 -0.38251305E-004  0.58356103E-004
 -0.25123301E+001  0.23349566E-004 -0.36929786E-004  0.56327440E-004
 -0.24892812E+001  0.22513162E-004 -0.35654195E-004  0.54370432E-004
 -0.24662323E+001  0.21705646E-004 -0.34422910E-004  0.52482504E-004
 -0.24431834E+001  0.20926013E-004 -0.33234367E-004  0.50661174E-004
 -0.24201345E+001  0.20173298E-004 -0.32087059E-004  0.48904054E-004
 -0.23970856E+001  0.19446565E-004 -0.30979533E-004  0.47208843E-004
 -0.23740367E+001  0.18744914E-004 -0.29910388E-004  0.45573327E-004
 -0.23509878E+001  0.18067477E-004 -0.28878272E-004  0.43995373E-004
 -0.23279389E+001  0.17413415E-004 -0.27881883E-004  0.42472924E-004
 -0.23048900E+001  0.16781919E-004 -0.26919964E-004  0.41004002E-004
 -0.22818411E+001  0.16172209E-004 -0.25991304E-004  0.39586700E-004
 -0.22587922E+001  0.15583531E-004 -0.25094733E-004  0.38219182E-004
 -0.22357433E+001  0.15015159E-004 -0.24229126E-004  0.36899678E-004
 -0.22126944E+001  0.14466392E-004 -0.23393395E-004  0.35626483E-004
 -0.21896455E+001  0.13936553E-004 -0.22586492E-004  0.34397956E-004
 -0.21665966E+001  0.13424990E-004 -0.21807406E-004  0.33212512E-004
 -0.21435477E+001  0.12931073E-004 -0.21055161E-004  0.32068630E-004
 -0.21204988E+001  0.12454195E-004 -0.20328816E-004  0.30964839E-004
 -0.20974499E+001  0.11993768E-004 -0.19627465E-004  0.29899719E-004
 -0.20744010E+001  0.11549227E-004 -0.18950230E-004  0.28871909E-004
 -0.20513521E+001  0.11120025E-004 -0.18296268E-004  0.27880093E-004
 -0.20283032E+001  0.10705636E-004 -0.17664764E-004  0.26923005E-004
 -0.20052543E+001  0.10305552E-004 -0.17054931E-004  0.25999423E-004
 -0.19822054E+001  0.99192808E-005 -0.16466012E-004  0.25108168E-004
 -0.19591565E+001  0.95463499E-005 -0.15897272E-004  0.24248107E-004
 -0.19361076E+001  0.91863019E-005 -0.15348008E-004  0.23418143E-004
 -0.19130587E+001  0.88386961E-005 -0.14817536E-004  0.22617227E-004
 -0.18900098E+001  0.85031068E-005 -0.14305200E-004  0.21844337E-004
 -0.18669609E+001  0.81791234E-005 -0.13810365E-004  0.21098491E-004
 -0.18439120E+001  0.78663496E-005 -0.13332418E-004  0.20378747E-004
 -0.18208631E+001  0.75644031E-005 -0.12870768E-004  0.19684193E-004
 -0.17978142E+001  0.72729147E-005 -0.12424845E-004  0.19013950E-004
 -0.17747653E+001  0.69915285E-005 -0.11994098E-004  0.18367171E-004
 -0.17517164E+001  0.67199007E-005 -0.11577997E-004  0.17743037E-004
 -0.17286675E+001  0.64576997E-005 -0.11176028E-004  0.17140761E-004
 -0.17056186E+001  0.62046056E-005 -0.10787696E-004  0.16559581E-004
 -0.16825697E+001  0.59603096E-005 -0.10412523E-004  0.15998765E-004
 -0.16595208E+001  0.57245136E-005 -0.10050049E-004  0.15457604E-004
 -0.16364719E+001  0.54969303E-005 -0.96998284E-005  0.14935414E-004
 -0.16134230E+001  0.52772820E-005 -0.93614312E-005  0.14431538E-004
 -0.15903741E+001  0.50653012E-005 -0.90344428E-005  0.13945339E-004
 -0.15673252E+001  0.48607295E-005 -0.87184631E-005  0.13476202E-004
 -0.15442763E+001  0.46633177E-005 -0.84131055E-005  0.13023535E-004
 -0.15212274E+001  0.44728251E-005 -0.81179972E-005  0.12586765E-004
 -0.14981785E+001  0.42890199E-005 -0.78327781E-005  0.12165340E-004
 -0.14751296E+001  0.41116780E-005 -0.75571007E-005  0.11758724E-004
 -0.14520807E+001  0.39405834E-005 -0.72906297E-005  0.11366402E-004
 -0.14290318E+001  0.37755278E-005 -0.70330414E-005  0.10987875E-004
 -0.14059829E+001  0.36163099E-005 -0.67840234E-005  0.10622660E-004
 -0.13829340E+001  0.34627357E-005 -0.65432744E-005  0.10270290E-004
 -0.13598851E+001  0.33146180E-005 -0.63105035E-005  0.99303142E-005
 -0.13368362E+001  0.31717762E-005 -0.60854300E-005  0.96022949E-005
 -0.13137873E+001  0.30340360E-005 -0.58677834E-005  0.92858088E-005
 -0.12907384E+001  0.29012293E-005 -0.56573026E-005  0.89804457E-005
 -0.12676895E+001  0.27731937E-005 -0.54537358E-005  0.86858079E-005
 -0.12446406E+001  0.26497728E-005 -0.52568402E-005  0.84015096E-005
 -0.12215917E+001  0.25308155E-005 -0.50663820E-005  0.81271764E-005
 -0.11985428E+001  0.24161760E-005 -0.48821356E-005  0.78624448E-005
 -0.11754939E+001  0.23057137E-005 -0.47038838E-005  0.76069615E-005
 -0.11524450E+001  0.21992929E-005 -0.45314175E-005  0.73603829E-005
 -0.11293961E+001  0.20967824E-005 -0.43645353E-005  0.71223748E-005
 -0.11063472E+001  0.19980560E-005 -0.42030434E-005  0.68926117E-005
 -0.10832983E+001  0.19029914E-005 -0.40467556E-005  0.66707765E-005
 -0.10602494E+001  0.18114708E-005 -0.38954926E-005  0.64565603E-005
 -0.10372005E+001  0.17233805E-005 -0.37490824E-005  0.62496615E-005
 -0.10141516E+001  0.16386104E-005 -0.36073598E-005  0.60497861E-005
 -0.99110269E+000  0.15570543E-005 -0.34701662E-005  0.58566469E-005
 -0.96805379E+000  0.14786097E-005 -0.33373496E-005  0.56699638E-005
 -0.94500489E+000  0.14031773E-005 -0.32087645E-005  0.54894631E-005
 -0.92195599E+000  0.13306613E-005 -0.30842714E-005  0.53148776E-005
 -0.89890709E+000  0.12609688E-005 -0.29637371E-005  0.51459466E-005
 -0.87585819E+000  0.11940101E-005 -0.28470343E-005  0.49824161E-005
 -0.85280929E+000  0.11296983E-005 -0.27340414E-005  0.48240381E-005
 -0.82976039E+000  0.10679492E-005 -0.26246426E-005  0.46705718E-005
 -0.80671149E+000  0.10086813E-005 -0.25187273E-005  0.45217829E-005
 -0.78366259E+000  0.95181544E-006 -0.24161905E-005  0.43774442E-005
 -0.76061369E+000  0.89727501E-006 -0.23169323E-005  0.42373364E-005
 -0.73756479E+000  0.84498550E-006 -0.22208578E-005  0.41012474E-005
 -0.71451589E+000  0.79487458E-006 -0.21278766E-005  0.39689740E-005
 -0.69146699E+000  0.74687195E-006 -0.20379035E-005  0.38403215E-005
 -0.66841810E+000  0.70090922E-006 -0.19508571E-005  0.37151046E-005
 -0.64536920E+000  0.65691983E-006 -0.18666605E-005  0.35931479E-005
 -0.62232030E+000  0.61483894E-006 -0.17852408E-005  0.34742865E-005
 -0.59927140E+000  0.57460334E-006 -0.17065285E-005  0.33583666E-005
 -0.57622250E+000  0.53615142E-006 -0.16304580E-005  0.32452462E-005
 -0.55317360E+000  0.49942299E-006 -0.15569665E-005  0.31347954E-005
 -0.53012470E+000  0.46435932E-006 -0.14859943E-005  0.30268969E-005
 -0.50707580E+000  0.43090299E-006 -0.14174842E-005  0.29214468E-005
 -0.48402690E+000  0.39899789E-006 -0.13513817E-005  0.28183551E-005
 -0.46097800E+000  0.36858915E-006 -0.12876339E-005  0.27175456E-005
 -0.43792910E+000  0.33962308E-006 -0.12261899E-005  0.26189573E-005
 -0.41488020E+000  0.31204714E-006 -0.11670004E-005  0.25225439E-005
 -0.39183130E+000  0.28580993E-006 -0.11100171E-005  0.24282775E-005
 -0.36878240E+000  0.26086115E-006 -0.10551928E-005  0.23361410E-005
 -0.34573350E+000  0.23715157E-006 -0.10024807E-005  0.22461613E-005
 -0.32268460E+000  0.21463303E-006 -0.95183529E-006  0.21583108E-005
 -0.29963570E+000  0.19325844E-006 -0.90320908E-006  0.20728590E-005
 -0.27658680E+000  0.17298174E-006 -0.85656110E-006  0.19892331E-005
 -0.25353790E+000  0.15375796E-006 -0.81182913E-006  0.19098779E-005
 -0.23048900E+000  0.13554315E-006 -0.76902025E-006  0.18276263E-005
 -0.20744010E+000  0.11829447E-006 -0.72791211E-006  0.17672835E-005
 -0.18439120E+000  0.10197012E-006 -0.68902565E-006  0.16514513E-005
 -0.16134230E+000  0.86529401E-007 -0.65049027E-006  0.17299857E-005
 -0.13829340E+000  0.71932706E-007 -0.61798180E-006  0.12353773E-005
 -0.11524450E+000  0.58141539E-007 -0.57381894E-006  0.25071784E-005
 -0.92195599E-001  0.45118520E-007 -0.57039747E-006 -0.11956030E-005
 -0.69146699E-001  0.32827398E-007 -0.45834881E-006  0.87556469E-005
 -0.46097800E-001  0.21233060E-007 -0.62876878E-006 -0.11739074E-004
 -0.23048900E-001  0.10301535E-007 -0.18991979E-006  0.28220965E-004
  0.00000000E+000  0.10301535E-007  0.94959896E-007  0.87534351E-006
