  0.10000000E+011  0.99999998E+000
  0.97721470E+010  0.99999998E+000
  0.95494856E+010  0.99999998E+000
  0.93318977E+010  0.99999998E+000
  0.91192676E+010  0.99999998E+000
  0.89114823E+010  0.99999998E+000
  0.87084315E+010  0.99999998E+000
  0.85100072E+010  0.99999998E+000
  0.83161042E+010  0.99999998E+000
  0.81266192E+010  0.99999998E+000
  0.79414517E+010  0.99999998E+000
  0.77605033E+010  0.99999998E+000
  0.75836779E+010  0.99999998E+000
  0.74108815E+010  0.99999999E+000
  0.72420223E+010  0.99999999E+000
  0.70770107E+010  0.99999999E+000
  0.69157588E+010  0.99999999E+000
  0.67581812E+010  0.99999999E+000
  0.66041940E+010  0.99999999E+000
  0.64537154E+010  0.99999999E+000
  0.63066655E+010  0.99999999E+000
  0.61629663E+010  0.99999999E+000
  0.60225412E+010  0.99999999E+000
  0.58853158E+010  0.99999999E+000
  0.57512171E+010  0.99999999E+000
  0.56201738E+010  0.99999999E+000
  0.54921165E+010  0.99999999E+000
  0.53669769E+010  0.99999999E+000
  0.52446887E+010  0.99999999E+000
  0.51251869E+010  0.99999999E+000
  0.50084080E+010  0.99999999E+000
  0.48942899E+010  0.99999999E+000
  0.47827720E+010  0.99999999E+000
  0.46737951E+010  0.99999999E+000
  0.45673013E+010  0.99999999E+000
  0.44632339E+010  0.99999999E+000
  0.43615378E+010  0.99999999E+000
  0.42621588E+010  0.99999999E+000
  0.41650442E+010  0.99999999E+000
  0.40701425E+010  0.99999999E+000
  0.39774030E+010  0.99999999E+000
  0.38867767E+010  0.99999999E+000
  0.37982153E+010  0.99999999E+000
  0.37116718E+010  0.99999999E+000
  0.36271003E+010  0.99999999E+000
  0.35444557E+010  0.10000000E+001
  0.34636942E+010  0.10000000E+001
  0.33847729E+010  0.10000000E+001
  0.33076498E+010  0.10000000E+001
  0.32322840E+010  0.10000000E+001
  0.31586354E+010  0.10000000E+001
  0.30866649E+010  0.10000000E+001
  0.30163343E+010  0.10000000E+001
  0.29476063E+010  0.10000000E+001
  0.28804442E+010  0.10000000E+001
  0.28148124E+010  0.10000000E+001
  0.27506760E+010  0.10000000E+001
  0.26880010E+010  0.10000000E+001
  0.26267541E+010  0.10000000E+001
  0.25669027E+010  0.10000000E+001
  0.25084151E+010  0.10000000E+001
  0.24512601E+010  0.10000000E+001
  0.23954074E+010  0.10000000E+001
  0.23408273E+010  0.10000000E+001
  0.22874908E+010  0.10000000E+001
  0.22353696E+010  0.10000000E+001
  0.21844361E+010  0.10000000E+001
  0.21346630E+010  0.10000000E+001
  0.20860241E+010  0.10000000E+001
  0.20384934E+010  0.10000000E+001
  0.19920457E+010  0.10000000E+001
  0.19466563E+010  0.10000000E+001
  0.19023012E+010  0.10000000E+001
  0.18589567E+010  0.10000000E+001
  0.18165998E+010  0.10000000E+001
  0.17752080E+010  0.10000000E+001
  0.17347594E+010  0.10000000E+001
  0.16952323E+010  0.10000000E+001
  0.16566060E+010  0.10000000E+001
  0.16188597E+010  0.10000000E+001
  0.15819735E+010  0.10000000E+001
  0.15459277E+010  0.10000000E+001
  0.15107033E+010  0.10000000E+001
  0.14762815E+010  0.10000000E+001
  0.14426440E+010  0.10000000E+001
  0.14097729E+010  0.10000000E+001
  0.13776508E+010  0.10000000E+001
  0.13462606E+010  0.10000000E+001
  0.13155856E+010  0.10000000E+001
  0.12856096E+010  0.10000000E+001
  0.12563166E+010  0.10000000E+001
  0.12276910E+010  0.10000000E+001
  0.11997177E+010  0.10000000E+001
  0.11723818E+010  0.10000000E+001
  0.11456687E+010  0.10000000E+001
  0.11195643E+010  0.10000000E+001
  0.10940547E+010  0.10000000E+001
  0.10691263E+010  0.10000000E+001
  0.10447660E+010  0.10000000E+001
  0.10209607E+010  0.10000000E+001
  0.99769776E+009  0.10000000E+001
  0.97496492E+009  0.10000000E+001
  0.95275005E+009  0.10000000E+001
  0.93104135E+009  0.10000000E+001
  0.90982729E+009  0.10000000E+001
  0.88909660E+009  0.10000000E+001
  0.86883826E+009  0.10000000E+001
  0.84904152E+009  0.10000000E+001
  0.82969585E+009  0.10000000E+001
  0.81079098E+009  0.10000000E+001
  0.79231686E+009  0.10000000E+001
  0.77426368E+009  0.10000000E+001
  0.75662185E+009  0.10000000E+001
  0.73938199E+009  0.10000000E+001
  0.72253495E+009  0.10000000E+001
  0.70607177E+009  0.10000000E+001
  0.68998371E+009  0.10000000E+001
  0.67426222E+009  0.10000000E+001
  0.65889895E+009  0.10000000E+001
  0.64388574E+009  0.10000000E+001
  0.62921461E+009  0.10000000E+001
  0.61487776E+009  0.10000000E+001
  0.60086759E+009  0.10000000E+001
  0.58717664E+009  0.10000000E+001
  0.57379764E+009  0.10000000E+001
  0.56072349E+009  0.10000000E+001
  0.54794723E+009  0.10000000E+001
  0.53546209E+009  0.10000000E+001
  0.52326142E+009  0.10000000E+001
  0.51133875E+009  0.10000000E+001
  0.49968774E+009  0.10000000E+001
  0.48830221E+009  0.10000000E+001
  0.47717609E+009  0.10000000E+001
  0.46630349E+009  0.10000000E+001
  0.45567863E+009  0.10000000E+001
  0.44529585E+009  0.10000000E+001
  0.43514965E+009  0.10000000E+001
  0.42523463E+009  0.10000000E+001
  0.41554553E+009  0.10000000E+001
  0.40607720E+009  0.10000000E+001
  0.39682461E+009  0.10000000E+001
  0.38778284E+009  0.10000000E+001
  0.37894709E+009  0.10000000E+001
  0.37031267E+009  0.10000000E+001
  0.36187498E+009  0.10000000E+001
  0.35362955E+009  0.10000000E+001
  0.34557199E+009  0.10000000E+001
  0.33769803E+009  0.10000000E+001
  0.33000348E+009  0.10000000E+001
  0.32248425E+009  0.10000000E+001
  0.31513635E+009  0.10000000E+001
  0.30795587E+009  0.10000000E+001
  0.30093900E+009  0.10000000E+001
  0.29408202E+009  0.10000000E+001
  0.28738127E+009  0.10000000E+001
  0.28083320E+009  0.10000000E+001
  0.27443433E+009  0.10000000E+001
  0.26818126E+009  0.10000000E+001
  0.26207067E+009  0.10000000E+001
  0.25609931E+009  0.10000000E+001
  0.25026401E+009  0.10000000E+001
  0.24456167E+009  0.10000000E+001
  0.23898926E+009  0.10000000E+001
  0.23354381E+009  0.10000000E+001
  0.22822245E+009  0.10000000E+001
  0.22302233E+009  0.10000000E+001
  0.21794070E+009  0.10000000E+001
  0.21297485E+009  0.10000000E+001
  0.20812216E+009  0.10000000E+001
  0.20338003E+009  0.10000000E+001
  0.19874595E+009  0.10000000E+001
  0.19421747E+009  0.10000000E+001
  0.18979216E+009  0.10000000E+001
  0.18546769E+009  0.10000000E+001
  0.18124175E+009  0.10000000E+001
  0.17711211E+009  0.10000000E+001
  0.17307655E+009  0.10000000E+001
  0.16913295E+009  0.10000000E+001
  0.16527921E+009  0.10000000E+001
  0.16151327E+009  0.10000000E+001
  0.15783314E+009  0.10000000E+001
  0.15423686E+009  0.10000000E+001
  0.15072253E+009  0.10000000E+001
  0.14728827E+009  0.10000000E+001
  0.14393226E+009  0.10000000E+001
  0.14065272E+009  0.10000000E+001
  0.13744791E+009  0.10000000E+001
  0.13431612E+009  0.10000000E+001
  0.13125568E+009  0.10000000E+001
  0.12826498E+009  0.10000000E+001
  0.12534243E+009  0.10000000E+001
  0.12248646E+009  0.10000000E+001
  0.11969557E+009  0.10000000E+001
  0.11696827E+009  0.10000000E+001
  0.11430311E+009  0.10000000E+001
  0.11169868E+009  0.10000000E+001
  0.10915359E+009  0.10000000E+001
  0.10666649E+009  0.10000000E+001
  0.10423607E+009  0.10000000E+001
  0.10186102E+009  0.10000000E+001
  0.99540082E+008  0.10000000E+001
  0.97272031E+008  0.10000000E+001
  0.95055658E+008  0.10000000E+001
  0.92889786E+008  0.10000000E+001
  0.90773264E+008  0.10000000E+001
  0.88704968E+008  0.10000000E+001
  0.86683798E+008  0.10000000E+001
  0.84708682E+008  0.10000000E+001
  0.82778569E+008  0.10000000E+001
  0.80892434E+008  0.10000000E+001
  0.79049275E+008  0.10000000E+001
  0.77248114E+008  0.10000000E+001
  0.75487992E+008  0.10000000E+001
  0.73767975E+008  0.10000000E+001
  0.72087149E+008  0.10000000E+001
  0.70444622E+008  0.10000000E+001
  0.68839520E+008  0.10000000E+001
  0.67270990E+008  0.10000000E+001
  0.65738200E+008  0.10000000E+001
  0.64240336E+008  0.10000000E+001
  0.62776600E+008  0.10000000E+001
  0.61346216E+008  0.10000000E+001
  0.59948424E+008  0.10000000E+001
  0.58582481E+008  0.10000000E+001
  0.57247661E+008  0.10000000E+001
  0.55943256E+008  0.10000000E+001
  0.54668572E+008  0.10000000E+001
  0.53422932E+008  0.10000000E+001
  0.52205674E+008  0.10000000E+001
  0.51016152E+008  0.10000000E+001
  0.49853734E+008  0.10000000E+001
  0.48717801E+008  0.10000000E+001
  0.47607751E+008  0.10000000E+001
  0.46522994E+008  0.10000000E+001
  0.45462954E+008  0.10000000E+001
  0.44427066E+008  0.10000000E+001
  0.43414782E+008  0.10000000E+001
  0.42425563E+008  0.10000000E+001
  0.41458884E+008  0.10000000E+001
  0.40514231E+008  0.10000000E+001
  0.39591102E+008  0.10000000E+001
  0.38689006E+008  0.10000000E+001
  0.37807466E+008  0.10000000E+001
  0.36946011E+008  0.10000000E+001
  0.36104185E+008  0.10000000E+001
  0.35281540E+008  0.10000000E+001
  0.34477640E+008  0.10000000E+001
  0.33692056E+008  0.10000000E+001
  0.32924372E+008  0.10000000E+001
  0.32174181E+008  0.10000000E+001
  0.31441082E+008  0.10000000E+001
  0.30724687E+008  0.10000000E+001
  0.30024616E+008  0.10000000E+001
  0.29340496E+008  0.10000000E+001
  0.28671964E+008  0.10000000E+001
  0.28018665E+008  0.10000000E+001
  0.27380251E+008  0.10000000E+001
  0.26756383E+008  0.10000000E+001
  0.26146731E+008  0.10000000E+001
  0.25550970E+008  0.10000000E+001
  0.24968783E+008  0.10000000E+001
  0.24399862E+008  0.10000000E+001
  0.23843904E+008  0.10000000E+001
  0.23300613E+008  0.10000000E+001
  0.22769702E+008  0.10000000E+001
  0.22250887E+008  0.10000000E+001
  0.21743894E+008  0.10000000E+001
  0.21248453E+008  0.10000000E+001
  0.20764300E+008  0.10000000E+001
  0.20291179E+008  0.10000000E+001
  0.19828838E+008  0.10000000E+001
  0.19377032E+008  0.10000000E+001
  0.18935521E+008  0.10000000E+001
  0.18504069E+008  0.10000000E+001
  0.18082448E+008  0.10000000E+001
  0.17670434E+008  0.10000000E+001
  0.17267808E+008  0.10000000E+001
  0.16874356E+008  0.10000000E+001
  0.16489868E+008  0.10000000E+001
  0.16114142E+008  0.10000000E+001
  0.15746976E+008  0.10000000E+001
  0.15388177E+008  0.10000000E+001
  0.15037552E+008  0.10000000E+001
  0.14694917E+008  0.10000000E+001
  0.14360089E+008  0.10000000E+001
  0.14032890E+008  0.10000000E+001
  0.13713146E+008  0.10000000E+001
  0.13400688E+008  0.10000000E+001
  0.13095349E+008  0.10000000E+001
  0.12796968E+008  0.10000000E+001
  0.12505385E+008  0.10000000E+001
  0.12220446E+008  0.10000000E+001
  0.11941999E+008  0.10000000E+001
  0.11669897E+008  0.10000000E+001
  0.11403995E+008  0.10000000E+001
  0.11144152E+008  0.10000000E+001
  0.10890229E+008  0.10000000E+001
  0.10642091E+008  0.10000000E+001
  0.10399608E+008  0.10000000E+001
  0.10162650E+008  0.10000000E+001
  0.99310908E+007  0.10000000E+001
  0.97048079E+007  0.10000000E+001
  0.94836809E+007  0.10000000E+001
  0.92675923E+007  0.10000000E+001
  0.90564274E+007  0.10000000E+001
  0.88500739E+007  0.10000000E+001
  0.86484223E+007  0.10000000E+001
  0.84513653E+007  0.10000000E+001
  0.82587984E+007  0.10000000E+001
  0.80706191E+007  0.10000000E+001
  0.78867276E+007  0.10000000E+001
  0.77070261E+007  0.10000000E+001
  0.75314192E+007  0.10000000E+001
  0.73598135E+007  0.10000000E+001
  0.71921179E+007  0.10000000E+001
  0.70282433E+007  0.10000000E+001
  0.68681026E+007  0.10000000E+001
  0.67116108E+007  0.10000000E+001
  0.65586847E+007  0.10000000E+001
  0.64092430E+007  0.10000000E+001
  0.62632065E+007  0.10000000E+001
  0.61204974E+007  0.10000000E+001
  0.59810400E+007  0.10000000E+001
  0.58447601E+007  0.10000000E+001
  0.57115855E+007  0.10000000E+001
  0.55814452E+007  0.10000000E+001
  0.54542703E+007  0.10000000E+001
  0.53299931E+007  0.10000000E+001
  0.52085476E+007  0.10000000E+001
  0.50898692E+007  0.10000000E+001
  0.49738950E+007  0.10000000E+001
  0.48605632E+007  0.10000000E+001
  0.47498138E+007  0.10000000E+001
  0.46415878E+007  0.10000000E+001
  0.45358278E+007  0.10000000E+001
  0.44324776E+007  0.10000000E+001
  0.43314822E+007  0.10000000E+001
  0.42327881E+007  0.10000000E+001
  0.41363427E+007  0.10000000E+001
  0.40420948E+007  0.10000000E+001
  0.39499945E+007  0.10000000E+001
  0.38599926E+007  0.10000000E+001
  0.37720415E+007  0.10000000E+001
  0.36860944E+007  0.10000000E+001
  0.36021056E+007  0.10000000E+001
  0.35200305E+007  0.10000000E+001
  0.34398255E+007  0.10000000E+001
  0.33614480E+007  0.10000000E+001
  0.32848564E+007  0.10000000E+001
  0.32100099E+007  0.10000000E+001
  0.31368688E+007  0.10000000E+001
  0.30653943E+007  0.10000000E+001
  0.29955483E+007  0.10000000E+001
  0.29272938E+007  0.10000000E+001
  0.28605945E+007  0.10000000E+001
  0.27954150E+007  0.10000000E+001
  0.27317206E+007  0.10000000E+001
  0.26694775E+007  0.10000000E+001
  0.26086526E+007  0.10000000E+001
  0.25492137E+007  0.10000000E+001
  0.24911290E+007  0.10000000E+001
  0.24343679E+007  0.10000000E+001
  0.23789000E+007  0.10000000E+001
  0.23246961E+007  0.10000000E+001
  0.22717271E+007  0.10000000E+001
  0.22199651E+007  0.10000000E+001
  0.21693825E+007  0.10000000E+001
  0.21199525E+007  0.10000000E+001
  0.20716487E+007  0.10000000E+001
  0.20244455E+007  0.10000000E+001
  0.19783179E+007  0.10000000E+001
  0.19332413E+007  0.10000000E+001
  0.18891918E+007  0.10000000E+001
  0.18461459E+007  0.10000000E+001
  0.18040809E+007  0.10000000E+001
  0.17629744E+007  0.10000000E+001
  0.17228044E+007  0.10000000E+001
  0.16835498E+007  0.10000000E+001
  0.16451896E+007  0.10000000E+001
  0.16077034E+007  0.10000000E+001
  0.15710714E+007  0.10000000E+001
  0.15352740E+007  0.10000000E+001
  0.15002923E+007  0.10000000E+001
  0.14661077E+007  0.10000000E+001
  0.14327020E+007  0.10000000E+001
  0.14000574E+007  0.10000000E+001
  0.13681566E+007  0.10000000E+001
  0.13369827E+007  0.10000000E+001
  0.13065192E+007  0.10000000E+001
  0.12767497E+007  0.10000000E+001
  0.12476586E+007  0.10000000E+001
  0.12192303E+007  0.10000000E+001
  0.11914497E+007  0.10000000E+001
  0.11643021E+007  0.10000000E+001
  0.11377731E+007  0.10000000E+001
  0.11118486E+007  0.10000000E+001
  0.10865148E+007  0.10000000E+001
  0.10617582E+007  0.10000000E+001
  0.10375657E+007  0.10000000E+001
  0.10139244E+007  0.10000000E+001
  0.99082181E+006  0.10000000E+001
  0.96824561E+006  0.10000000E+001
  0.94618382E+006  0.10000000E+001
  0.92462471E+006  0.10000000E+001
  0.90355683E+006  0.10000000E+001
  0.88296900E+006  0.10000000E+001
  0.86285026E+006  0.10000000E+001
  0.84318993E+006  0.10000000E+001
  0.82397757E+006  0.10000000E+001
  0.80520297E+006  0.10000000E+001
  0.78685615E+006  0.10000000E+001
  0.76892737E+006  0.10000000E+001
  0.75140711E+006  0.10000000E+001
  0.73428604E+006  0.10000000E+001
  0.71755509E+006  0.10000000E+001
  0.70120536E+006  0.10000000E+001
  0.68522816E+006  0.10000000E+001
  0.66961501E+006  0.10000000E+001
  0.65435760E+006  0.10000000E+001
  0.63944784E+006  0.10000000E+001
  0.62487781E+006  0.10000000E+001
  0.61063975E+006  0.10000000E+001
  0.59672612E+006  0.10000000E+001
  0.58312951E+006  0.10000000E+001
  0.56984271E+006  0.10000000E+001
  0.55685864E+006  0.10000000E+001
  0.54417043E+006  0.10000000E+001
  0.53177132E+006  0.10000000E+001
  0.51965472E+006  0.10000000E+001
  0.50781421E+006  0.10000000E+001
  0.49624349E+006  0.10000000E+001
  0.48493641E+006  0.10000000E+001
  0.47388696E+006  0.10000000E+001
  0.46308928E+006  0.10000000E+001
  0.45253763E+006  0.10000000E+001
  0.44222640E+006  0.10000000E+001
  0.43215011E+006  0.10000000E+001
  0.42230342E+006  0.10000000E+001
  0.41268108E+006  0.10000000E+001
  0.40327800E+006  0.10000000E+001
  0.39408916E+006  0.10000000E+001
  0.38510970E+006  0.10000000E+001
  0.37633484E+006  0.10000000E+001
  0.36775991E+006  0.10000000E+001
  0.35938037E+006  0.10000000E+001
  0.35119175E+006  0.10000000E+001
  0.34318972E+006  0.10000000E+001
  0.33537002E+006  0.10000000E+001
  0.32772848E+006  0.10000000E+001
  0.32026107E+006  0.10000000E+001
  0.31296380E+006  0.10000000E+001
  0.30583280E+006  0.10000000E+001
  0.29886429E+006  0.10000000E+001
  0.29205455E+006  0.10000000E+001
  0.28539998E+006  0.10000000E+001
  0.27889703E+006  0.10000000E+001
  0.27254225E+006  0.10000000E+001
  0.26633227E+006  0.10000000E+001
  0.26026379E+006  0.10000000E+001
  0.25433358E+006  0.10000000E+001
  0.24853849E+006  0.10000000E+001
  0.24287544E+006  0.10000000E+001
  0.23734143E+006  0.10000000E+001
  0.23193351E+006  0.10000000E+001
  0.22664881E+006  0.10000000E+001
  0.22148452E+006  0.10000000E+001
  0.21643791E+006  0.10000000E+001
  0.21150628E+006  0.10000000E+001
  0.20668702E+006  0.10000000E+001
  0.20197758E+006  0.10000000E+001
  0.19737543E+006  0.10000000E+001
  0.19287815E+006  0.10000000E+001
  0.18848334E+006  0.10000000E+001
  0.18418867E+006  0.10000000E+001
  0.17999185E+006  0.10000000E+001
  0.17589066E+006  0.10000000E+001
  0.17188291E+006  0.10000000E+001
  0.16796649E+006  0.10000000E+001
  0.16413930E+006  0.10000000E+001
  0.16039931E+006  0.10000000E+001
  0.15674454E+006  0.10000000E+001
  0.15317305E+006  0.10000000E+001
  0.14968293E+006  0.10000000E+001
  0.14627234E+006  0.10000000E+001
  0.14293945E+006  0.10000000E+001
  0.13968251E+006  0.10000000E+001
  0.13649978E+006  0.10000000E+001
  0.13338957E+006  0.10000000E+001
  0.13035022E+006  0.10000000E+001
  0.12738013E+006  0.10000000E+001
  0.12447771E+006  0.10000000E+001
  0.12164143E+006  0.10000000E+001
  0.11886977E+006  0.10000000E+001
  0.11616126E+006  0.10000000E+001
  0.11351447E+006  0.10000000E+001
  0.11092799E+006  0.10000000E+001
  0.10840044E+006  0.10000000E+001
  0.10593048E+006  0.10000000E+001
  0.10351680E+006  0.10000000E+001
  0.10115811E+006  0.10000000E+001
  0.98853170E+005  0.10000000E+001
  0.96600748E+005  0.10000000E+001
  0.94399648E+005  0.10000000E+001
  0.92248701E+005  0.10000000E+001
  0.90146763E+005  0.10000000E+001
  0.88092719E+005  0.10000000E+001
  0.86085477E+005  0.10000000E+001
  0.84123970E+005  0.10000000E+001
  0.82207158E+005  0.10000000E+001
  0.80334020E+005  0.10000000E+001
  0.78503562E+005  0.10000000E+001
  0.76714812E+005  0.10000000E+001
  0.74966819E+005  0.10000000E+001
  0.73258654E+005  0.10000000E+001
  0.71589411E+005  0.10000000E+001
  0.69958202E+005  0.10000000E+001
  0.68364160E+005  0.10000000E+001
  0.66806439E+005  0.10000000E+001
  0.65284211E+005  0.10000000E+001
  0.63796668E+005  0.10000000E+001
  0.62343019E+005  0.10000000E+001
  0.60922492E+005  0.10000000E+001
  0.59534331E+005  0.10000000E+001
  0.58177801E+005  0.10000000E+001
  0.56852179E+005  0.10000000E+001
  0.55556762E+005  0.10000000E+001
  0.54290862E+005  0.10000000E+001
  0.53053805E+005  0.10000000E+001
  0.51844935E+005  0.10000000E+001
  0.50663610E+005  0.10000000E+001
  0.49509202E+005  0.10000000E+001
  0.48381097E+005  0.10000000E+001
  0.47278696E+005  0.10000000E+001
  0.46201414E+005  0.10000000E+001
  0.45148678E+005  0.10000000E+001
  0.44119929E+005  0.10000000E+001
  0.43114620E+005  0.10000000E+001
  0.42132217E+005  0.10000000E+001
  0.41172199E+005  0.10000000E+001
  0.40234055E+005  0.10000000E+001
  0.39317288E+005  0.10000000E+001
  0.38421408E+005  0.10000000E+001
  0.37545942E+005  0.10000000E+001
  0.36690424E+005  0.10000000E+001
  0.35854399E+005  0.10000000E+001
  0.35037422E+005  0.10000000E+001
  0.34239061E+005  0.10000000E+001
  0.33458891E+005  0.10000000E+001
  0.32696497E+005  0.10000000E+001
  0.31951475E+005  0.10000000E+001
  0.31223428E+005  0.10000000E+001
  0.30511970E+005  0.10000000E+001
  0.29816723E+005  0.10000000E+001
  0.29137317E+005  0.10000000E+001
  0.28473392E+005  0.10000000E+001
  0.27824594E+005  0.10000000E+001
  0.27190579E+005  0.10000000E+001
  0.26571011E+005  0.10000000E+001
  0.25965560E+005  0.10000000E+001
  0.25373904E+005  0.10000000E+001
  0.24795729E+005  0.10000000E+001
  0.24230728E+005  0.10000000E+001
  0.23678601E+005  0.10000000E+001
  0.23139054E+005  0.10000000E+001
  0.22611801E+005  0.10000000E+001
  0.22096561E+005  0.10000000E+001
  0.21593062E+005  0.10000000E+001
  0.21101034E+005  0.10000000E+001
  0.20620218E+005  0.10000000E+001
  0.20150357E+005  0.10000000E+001
  0.19691203E+005  0.10000000E+001
  0.19242510E+005  0.10000000E+001
  0.18804041E+005  0.10000000E+001
  0.18375562E+005  0.10000000E+001
  0.17956846E+005  0.10000000E+001
  0.17547671E+005  0.10000000E+001
  0.17147820E+005  0.10000000E+001
  0.16757079E+005  0.10000000E+001
  0.16375241E+005  0.10000000E+001
  0.16002103E+005  0.10000000E+001
  0.15637468E+005  0.10000000E+001
  0.15281140E+005  0.10000000E+001
  0.14932932E+005  0.10000000E+001
  0.14592658E+005  0.10000000E+001
  0.14260137E+005  0.10000000E+001
  0.13935193E+005  0.10000000E+001
  0.13617652E+005  0.10000000E+001
  0.13307347E+005  0.10000000E+001
  0.13004113E+005  0.10000000E+001
  0.12707787E+005  0.10000000E+001
  0.12418214E+005  0.10000000E+001
  0.12135238E+005  0.10000000E+001
  0.11858710E+005  0.10000000E+001
  0.11588483E+005  0.10000000E+001
  0.11324413E+005  0.10000000E+001
  0.11066360E+005  0.10000000E+001
  0.10814187E+005  0.10000000E+001
  0.10567760E+005  0.10000000E+001
  0.10326947E+005  0.10000000E+001
  0.10091622E+005  0.10000000E+001
  0.98616585E+004  0.10000000E+001
  0.96369348E+004  0.10000000E+001
  0.94173315E+004  0.10000000E+001
  0.92027320E+004  0.10000000E+001
  0.89930222E+004  0.10000000E+001
  0.87880907E+004  0.10000000E+001
  0.85878286E+004  0.10000000E+001
  0.83921295E+004  0.10000000E+001
  0.82008895E+004  0.10000000E+001
  0.80140070E+004  0.10000000E+001
  0.78313826E+004  0.10000000E+001
  0.76529194E+004  0.10000000E+001
  0.74785225E+004  0.10000000E+001
  0.73080993E+004  0.10000000E+001
  0.71415593E+004  0.10000000E+001
  0.69788139E+004  0.10000000E+001
  0.68197767E+004  0.10000000E+001
  0.66643633E+004  0.10000000E+001
  0.65124909E+004  0.10000000E+001
  0.63640791E+004  0.10000000E+001
  0.62190488E+004  0.10000000E+001
  0.60773231E+004  0.10000000E+001
  0.59388267E+004  0.10000000E+001
  0.58034859E+004  0.10000000E+001
  0.56712290E+004  0.10000000E+001
  0.55419855E+004  0.10000000E+001
  0.54156869E+004  0.10000000E+001
  0.52922661E+004  0.10000000E+001
  0.51716574E+004  0.10000000E+001
  0.50537968E+004  0.10000000E+001
  0.49386217E+004  0.10000000E+001
  0.48260710E+004  0.10000000E+001
  0.47160847E+004  0.10000000E+001
  0.46086045E+004  0.10000000E+001
  0.45035733E+004  0.10000000E+001
  0.44009352E+004  0.10000000E+001
  0.43006358E+004  0.10000000E+001
  0.42026217E+004  0.10000000E+001
  0.41068409E+004  0.10000000E+001
  0.40132425E+004  0.10000000E+001
  0.39217768E+004  0.10000000E+001
  0.38323951E+004  0.10000000E+001
  0.37450500E+004  0.10000000E+001
  0.36596951E+004  0.10000000E+001
  0.35762851E+004  0.10000000E+001
  0.34947756E+004  0.10000000E+001
  0.34151233E+004  0.10000000E+001
  0.33372859E+004  0.10000000E+001
  0.32612220E+004  0.10000000E+001
  0.31868913E+004  0.10000000E+001
  0.31142542E+004  0.10000000E+001
  0.30432722E+004  0.10000000E+001
  0.29739075E+004  0.10000000E+001
  0.29061234E+004  0.10000000E+001
  0.28398837E+004  0.10000000E+001
  0.27751533E+004  0.10000000E+001
  0.27118978E+004  0.99999999E+000
  0.26500836E+004  0.99999999E+000
  0.25896779E+004  0.99999998E+000
  0.25306485E+004  0.99999997E+000
  0.24729641E+004  0.99999996E+000
  0.24165941E+004  0.99999993E+000
  0.23615085E+004  0.99999988E+000
  0.23076780E+004  0.99999980E+000
  0.22550741E+004  0.99999964E+000
  0.22036687E+004  0.99999937E+000
  0.21534347E+004  0.99999889E+000
  0.21043452E+004  0.99999798E+000
  0.20563743E+004  0.99999630E+000
  0.20094964E+004  0.99999311E+000
  0.19636866E+004  0.99998697E+000
  0.19189207E+004  0.99997496E+000
  0.18751747E+004  0.99995112E+000
  0.18324255E+004  0.99990300E+000
  0.17906503E+004  0.99980426E+000
  0.17498270E+004  0.99959824E+000
  0.17099339E+004  0.99916115E+000
  0.16709498E+004  0.99821855E+000
  0.16328539E+004  0.99615515E+000
  0.15956260E+004  0.99158656E+000
  0.15592464E+004  0.98144326E+000
  0.15236957E+004  0.96371511E+000
  0.14889551E+004  0.93231402E+000
  0.14550060E+004  0.88621838E+000
  0.14218305E+004  0.82633677E+000
  0.13894108E+004  0.75556554E+000
  0.13577299E+004  0.67781157E+000
  0.13267708E+004  0.59712100E+000
  0.12965172E+004  0.51708084E+000
  0.12669528E+004  0.44053108E+000
  0.12380622E+004  0.36951005E+000
  0.12098298E+004  0.30532390E+000
  0.11822406E+004  0.24865979E+000
  0.11552801E+004  0.19970415E+000
  0.11289339E+004  0.15825451E+000
  0.11031881E+004  0.12382353E+000
  0.10780288E+004  0.95734966E-001
  0.10534428E+004  0.73208960E-001
  0.10294170E+004  0.55433391E-001
  0.10059386E+004  0.41618721E-001
  0.98299523E+003  0.31035793E-001
  0.96057460E+003  0.23038009E-001
  0.93866483E+003  0.17070663E-001
  0.91725428E+003  0.12670830E-001
  0.89633158E+003  0.94611275E-002
  0.87588561E+003  0.71401914E-002
  0.85590551E+003  0.54720276E-002
  0.83638065E+003  0.42755669E-002
  0.81730068E+003  0.34149984E-002
  0.79865545E+003  0.27909443E-002
  0.78043506E+003  0.23324414E-002
  0.76262983E+003  0.19898564E-002
  0.74523029E+003  0.17289626E-002
  0.72822721E+003  0.15263061E-002
  0.71161154E+003  0.13657966E-002
  0.69537447E+003  0.12363150E-002
  0.67950737E+003  0.11300886E-002
  0.66400180E+003  0.10416050E-002
  0.64884954E+003  0.96689255E-003
  0.63404252E+003  0.90304254E-003
  0.61957288E+003  0.84788970E-003
  0.60543294E+003  0.79979654E-003
  0.59161518E+003  0.75750596E-003
  0.57811226E+003  0.72003916E-003
  0.56491702E+003  0.68662392E-003
  0.55202243E+003  0.65664351E-003
  0.53942164E+003  0.62959980E-003
  0.52710797E+003  0.60508629E-003
  0.51507487E+003  0.58276802E-003
  0.50331595E+003  0.56236659E-003
  0.49182496E+003  0.54364874E-003
  0.48059579E+003  0.52641752E-003
  0.46962248E+003  0.51050557E-003
  0.45889921E+003  0.49576971E-003
  0.44842027E+003  0.48208675E-003
  0.43818009E+003  0.46935011E-003
  0.42817324E+003  0.45746714E-003
  0.41839440E+003  0.44635687E-003
  0.40883837E+003  0.43594827E-003
  0.39950008E+003  0.42617875E-003
  0.39037456E+003  0.41699292E-003
  0.38145697E+003  0.40834163E-003
  0.37274257E+003  0.40018109E-003
  0.36422674E+003  0.39247215E-003
  0.35590493E+003  0.38517972E-003
  0.34777275E+003  0.37827224E-003
  0.33982585E+003  0.37172126E-003
  0.33206003E+003  0.36550107E-003
  0.32447116E+003  0.35958834E-003
  0.31705520E+003  0.35396192E-003
  0.30980822E+003  0.34860252E-003
  0.30272636E+003  0.34349255E-003
  0.29580586E+003  0.33861593E-003
  0.28904305E+003  0.33395792E-003
  0.28243433E+003  0.32950501E-003
  0.27597619E+003  0.32524476E-003
  0.26966521E+003  0.32116572E-003
  0.26349802E+003  0.31725731E-003
  0.25747135E+003  0.31350978E-003
  0.25158200E+003  0.30991408E-003
  0.24582685E+003  0.30646185E-003
  0.24020282E+003  0.30314529E-003
  0.23470694E+003  0.29995720E-003
  0.22933629E+003  0.29689083E-003
  0.22408801E+003  0.29393993E-003
  0.21895931E+003  0.29109864E-003
  0.21394747E+003  0.28836149E-003
  0.20904982E+003  0.28572339E-003
  0.20426378E+003  0.28317954E-003
  0.19958678E+003  0.28072546E-003
  0.19501635E+003  0.27835695E-003
  0.19055006E+003  0.27607005E-003
  0.18618553E+003  0.27386104E-003
  0.18192045E+003  0.27172644E-003
  0.17775255E+003  0.26966295E-003
  0.17367962E+003  0.26766746E-003
  0.16969949E+003  0.26573705E-003
  0.16581005E+003  0.26386896E-003
  0.16200924E+003  0.26206056E-003
  0.15829502E+003  0.26030938E-003
  0.15466544E+003  0.25861310E-003
  0.15111855E+003  0.25696948E-003
  0.14765248E+003  0.25537643E-003
  0.14426539E+003  0.25383196E-003
  0.14095548E+003  0.25233417E-003
  0.13772098E+003  0.25088126E-003
  0.13456018E+003  0.24947153E-003
  0.13147140E+003  0.24810335E-003
  0.12845300E+003  0.24677518E-003
  0.12550337E+003  0.24548553E-003
  0.12262095E+003  0.24423301E-003
  0.11980421E+003  0.24301628E-003
  0.11705165E+003  0.24183406E-003
  0.11436181E+003  0.24068513E-003
  0.11173326E+003  0.23956833E-003
  0.10916459E+003  0.23848254E-003
  0.10665446E+003  0.23742671E-003
  0.10420152E+003  0.23639980E-003
  0.10180447E+003  0.23540086E-003
  0.99462042E+002  0.23442895E-003
  0.97172984E+002  0.23348317E-003
  0.94936083E+002  0.23256266E-003
  0.92750150E+002  0.23166662E-003
  0.90614025E+002  0.23079425E-003
  0.88526571E+002  0.22994479E-003
  0.86486681E+002  0.22911753E-003
  0.84493271E+002  0.22831176E-003
  0.82545281E+002  0.22752681E-003
  0.80641676E+002  0.22676205E-003
  0.78781446E+002  0.22601685E-003
  0.76963601E+002  0.22529062E-003
  0.75187177E+002  0.22458278E-003
  0.73451229E+002  0.22389279E-003
  0.71754835E+002  0.22322012E-003
  0.70097094E+002  0.22256425E-003
  0.68477125E+002  0.22192469E-003
  0.66894068E+002  0.22130097E-003
  0.65347081E+002  0.22069263E-003
  0.63835343E+002  0.22009922E-003
  0.62358050E+002  0.21952033E-003
  0.60914418E+002  0.21895553E-003
  0.59503679E+002  0.21840444E-003
  0.58125084E+002  0.21786667E-003
  0.56777901E+002  0.21734185E-003
  0.55461414E+002  0.21682962E-003
  0.54174924E+002  0.21632963E-003
  0.52917746E+002  0.21584156E-003
  0.51689214E+002  0.21536507E-003
  0.50488675E+002  0.21489986E-003
  0.49315489E+002  0.21444562E-003
  0.48169036E+002  0.21400206E-003
  0.47048704E+002  0.21356890E-003
  0.45953900E+002  0.21314585E-003
  0.44884041E+002  0.21273266E-003
  0.43838559E+002  0.21232907E-003
  0.42816899E+002  0.21193483E-003
  0.41818518E+002  0.21154969E-003
  0.40842885E+002  0.21117342E-003
  0.39889482E+002  0.21080580E-003
  0.38957803E+002  0.21044660E-003
  0.38047352E+002  0.21009560E-003
  0.37157647E+002  0.20975261E-003
  0.36288213E+002  0.20941742E-003
  0.35438590E+002  0.20908984E-003
  0.34608326E+002  0.20876967E-003
  0.33796979E+002  0.20845672E-003
  0.33004119E+002  0.20815084E-003
  0.32229325E+002  0.20785182E-003
  0.31472185E+002  0.20755952E-003
  0.30732296E+002  0.20727376E-003
  0.30009266E+002  0.20699438E-003
  0.29302711E+002  0.20672124E-003
  0.28612254E+002  0.20645417E-003
  0.27937530E+002  0.20619304E-003
  0.27278180E+002  0.20593770E-003
  0.26633853E+002  0.20568801E-003
  0.26004207E+002  0.20544383E-003
  0.25388908E+002  0.20520505E-003
  0.24787629E+002  0.20497152E-003
  0.24200050E+002  0.20474312E-003
  0.23625859E+002  0.20451974E-003
  0.23064752E+002  0.20430126E-003
  0.22516429E+002  0.20408755E-003
  0.21980600E+002  0.20387852E-003
  0.21456980E+002  0.20367404E-003
  0.20945291E+002  0.20347403E-003
  0.20445261E+002  0.20327836E-003
  0.19956624E+002  0.20308695E-003
  0.19479121E+002  0.20289969E-003
  0.19012498E+002  0.20271648E-003
  0.18556507E+002  0.20253725E-003
  0.18110906E+002  0.20236189E-003
  0.17675458E+002  0.20219032E-003
  0.17249932E+002  0.20202245E-003
  0.16834102E+002  0.20185819E-003
  0.16427747E+002  0.20169748E-003
  0.16030650E+002  0.20154021E-003
  0.15642602E+002  0.20138633E-003
  0.15263395E+002  0.20123575E-003
  0.14892829E+002  0.20108840E-003
  0.14530706E+002  0.20094421E-003
  0.14176834E+002  0.20080310E-003
  0.13831025E+002  0.20066501E-003
  0.13493096E+002  0.20052987E-003
  0.13162866E+002  0.20039762E-003
  0.12840161E+002  0.20026818E-003
  0.12524809E+002  0.20014151E-003
  0.12216642E+002  0.20001754E-003
  0.11915497E+002  0.19989620E-003
  0.11621213E+002  0.19977745E-003
  0.11333635E+002  0.19966122E-003
  0.11052609E+002  0.19954746E-003
  0.10777987E+002  0.19943612E-003
  0.10509622E+002  0.19932714E-003
  0.10247372E+002  0.19922047E-003
  0.99910970E+001  0.19911607E-003
  0.97406615E+001  0.19901388E-003
  0.94959323E+001  0.19891385E-003
  0.92567793E+001  0.19881595E-003
  0.90230755E+001  0.19872012E-003
  0.87946967E+001  0.19862632E-003
  0.85715215E+001  0.19853450E-003
  0.83534315E+001  0.19844462E-003
  0.81403107E+001  0.19835665E-003
  0.79320460E+001  0.19827054E-003
  0.77285266E+001  0.19818625E-003
  0.75296445E+001  0.19810374E-003
  0.73352940E+001  0.19802298E-003
  0.71453718E+001  0.19794393E-003
  0.69597770E+001  0.19786655E-003
  0.67784111E+001  0.19779081E-003
  0.66011776E+001  0.19771666E-003
  0.64279825E+001  0.19764409E-003
  0.62587337E+001  0.19757306E-003
  0.60933412E+001  0.19750353E-003
  0.59317173E+001  0.19743547E-003
  0.57737760E+001  0.19736886E-003
  0.56194335E+001  0.19730366E-003
  0.54686077E+001  0.19723985E-003
  0.53212185E+001  0.19717739E-003
  0.51771876E+001  0.19711625E-003
  0.50364385E+001  0.19705642E-003
  0.48988964E+001  0.19699787E-003
  0.47644883E+001  0.19694056E-003
  0.46331427E+001  0.19688448E-003
  0.45047898E+001  0.19682959E-003
  0.43793615E+001  0.19677588E-003
  0.42567911E+001  0.19672333E-003
  0.41370135E+001  0.19667190E-003
  0.40199651E+001  0.19662158E-003
  0.39055837E+001  0.19657234E-003
  0.37938085E+001  0.19652417E-003
  0.36845801E+001  0.19647704E-003
  0.35778405E+001  0.19643093E-003
  0.34735331E+001  0.19638583E-003
  0.33716022E+001  0.19634171E-003
  0.32719940E+001  0.19629856E-003
  0.31746553E+001  0.19625636E-003
  0.30795345E+001  0.19621508E-003
  0.29865811E+001  0.19617472E-003
  0.28957456E+001  0.19613525E-003
  0.28069799E+001  0.19609667E-003
  0.27202367E+001  0.19605895E-003
  0.26354700E+001  0.19602207E-003
  0.25526347E+001  0.19598603E-003
  0.24716868E+001  0.19595081E-003
  0.23925834E+001  0.19591640E-003
  0.23152823E+001  0.19588277E-003
  0.22397426E+001  0.19584993E-003
  0.21659241E+001  0.19581784E-003
  0.20937876E+001  0.19578652E-003
  0.20232947E+001  0.19575593E-003
  0.19544080E+001  0.19572606E-003
  0.18870909E+001  0.19569692E-003
  0.18213077E+001  0.19566848E-003
  0.17570233E+001  0.19564074E-003
  0.16942037E+001  0.19561367E-003
  0.16328155E+001  0.19558729E-003
  0.15728260E+001  0.19556156E-003
  0.15142033E+001  0.19553649E-003
  0.14569165E+001  0.19551206E-003
  0.14009349E+001  0.19548827E-003
  0.13462288E+001  0.19546511E-003
  0.12927693E+001  0.19544256E-003
  0.12405279E+001  0.19542061E-003
  0.11894768E+001  0.19539927E-003
  0.11395889E+001  0.19537852E-003
  0.10908377E+001  0.19535835E-003
  0.10431973E+001  0.19533875E-003
  0.99664245E+000  0.19531972E-003
  0.95114835E+000  0.19530125E-003
  0.90669084E+000  0.19528333E-003
  0.86324631E+000  0.19526595E-003
  0.82079168E+000  0.19524911E-003
  0.77930439E+000  0.19523278E-003
  0.73876240E+000  0.19521698E-003
  0.69914417E+000  0.19520169E-003
  0.66042866E+000  0.19518689E-003
  0.62259529E+000  0.19517259E-003
  0.58562396E+000  0.19515877E-003
  0.54949504E+000  0.19514543E-003
  0.51418933E+000  0.19513255E-003
  0.47968806E+000  0.19512013E-003
  0.44597292E+000  0.19510815E-003
  0.41302599E+000  0.19509662E-003
  0.38082977E+000  0.19508551E-003
  0.34936714E+000  0.19507482E-003
  0.31862140E+000  0.19506455E-003
  0.28857621E+000  0.19505467E-003
  0.25921561E+000  0.19504518E-003
  0.23052400E+000  0.19503608E-003
  0.20248614E+000  0.19502734E-003
  0.17508713E+000  0.19501896E-003
  0.14831241E+000  0.19501093E-003
  0.12214777E+000  0.19500324E-003
  0.96579291E-001  0.19499588E-003
  0.71593400E-001  0.19498884E-003
  0.47176819E-001  0.19498211E-003
  0.23316578E-001  0.19497567E-003
  0.00000000E+000  0.19496952E-003
